A_x [g]	A_y [g]	A_z [g]
  -0.002440000	  -0.007808000	   0.989175981
  -0.022936000	  -0.006344000	   1.010647980
  -0.036111999	   0.002928000	   1.021383980
  -0.054655999	   0.020496000	   1.013087980
  -0.077591999	   0.028791999	   1.015039980
  -0.082959998	   0.030743999	   0.988687981
  -0.096135998	   0.025376000	   0.963799981
  -0.107359998	   0.030255999	   0.942327982
  -0.142983997	   0.025376000	   0.914999982
  -0.162991997	   0.040015999	   0.902311983
  -0.181047997	   0.066367999	   0.911095982
  -0.236191995	   0.096623998	   0.931591982
  -0.325495994	   0.121999998	   0.955991982
  -0.421143992	   0.140055997	   0.961847981
  -0.509959990	   0.146399997	   0.950135982
  -0.618783988	   0.149327997	   0.922807982
  -0.721263986	   0.137127997	   0.911583982
  -0.819351984	   0.139567997	   0.934031982
  -0.916463982	   0.145911997	   0.987711981
  -1.017967980	   0.143471997	   1.067255979
  -1.114103978	   0.139567997	   1.116055978
  -1.210239977	   0.135663997	   1.132647978
  -1.303935975	   0.147375997	   1.148263978
  -1.395191973	   0.179583997	   1.196575977
  -1.457167972	   0.232775996	   1.271727975
  -1.506455971	   0.284503995	   1.366887974
  -1.505967971	   0.315247994	   1.446431972
  -1.482055971	   0.321591994	   1.435695972
  -1.393727973	   0.298655994	   1.317111975
  -1.268311976	   0.265471995	   1.162903978
  -1.049199980	   0.267911995	   1.062375979
  -0.788607985	   0.224967996	   0.975999981
  -0.561199989	   0.219599996	   0.913047982
  -0.293287994	   0.235215995	   0.887183983
   0.030255999	   0.203983996	   0.841799984
   0.415287992	   0.142007997	   0.813983984
   0.831063984	   0.054167999	   0.838383984
   1.232199976	  -0.011224000	   0.879863983
   1.641631968	  -0.077591999	   0.970631981
   1.866111964	  -0.226431996	   1.028215980
   1.961759962	  -0.452863991	   1.031631980
   2.193559958	  -0.692471987	   1.081895979
   2.480991952	  -0.952087982	   1.135087978
   2.719623948	  -1.213167977	   1.103855979
   2.864559945	  -1.405927973	   1.063351979
   2.879687944	  -1.475711972	   1.055543980
   2.789895946	  -1.423495973	   1.003327981
   2.634223949	  -1.292223975	   0.893527983
   2.451223953	  -1.109223979	   0.731023986
   2.234551957	  -0.907679982	   0.570471989
   2.004703961	  -0.718823986	   0.467991991
   1.858791964	  -0.568031989	   0.487511991
   1.786567966	  -0.472383991	   0.567543989
   1.687503967	  -0.423583992	   0.637815988
   1.574775970	  -0.406503992	   0.648551987
   1.490839971	  -0.415287992	   0.673439987
   1.441063972	  -0.401135992	   0.740783986
   1.283927975	  -0.363559993	   0.754447985
   1.104343979	  -0.294751994	   0.789095985
   0.919391982	  -0.234727995	   0.840823984
   0.707111986	  -0.171287997	   0.820815984
   0.544119989	  -0.039039999	   0.843263984
   0.440663991	   0.102479998	   0.940863982
   0.343551993	   0.170311997	   1.051639980
   0.190319996	   0.185927996	   1.099463979
  -0.032207999	   0.215695996	   1.131671978
  -0.177631997	   0.233263995	   1.182423977
  -0.257175995	   0.246439995	   1.213655977
  -0.421143992	   0.286943994	   1.198527977
  -0.641719988	   0.354287993	   1.096535979
  -0.820815984	   0.375759993	   0.957943982
  -0.925247982	   0.386495993	   0.831551984
  -1.011623980	   0.421631992	   0.713943986
  -1.104343979	   0.485559991	   0.673927987
  -1.139479978	   0.565591989	   0.688079987
  -1.198039977	   0.659775987	   0.803247984
  -1.162903978	   0.778359985	   0.899383983
  -1.254647976	   0.814959984	   0.989663981
  -1.331751974	   0.896943983	   1.142895978
  -1.465951972	   0.950135982	   1.225855976
  -1.653343968	   0.979415981	   1.235127976
  -1.813895965	   0.963799981	   1.141431978
  -1.920279963	   0.937447982	   1.038951980
  -1.998847961	   0.914023982	   0.996983981
  -2.001287961	   0.882303983	   1.006255981
  -1.955903962	   0.813983984	   1.001375981
  -1.920767963	   0.729071986	   1.003327981
  -1.859279964	   0.675391987	   1.030167980
  -1.785103966	   0.684663987	   1.081407979
  -1.798767965	   0.645623988	   1.166807977
  -1.782175966	   0.674415987	   1.241471976
  -1.773879966	   0.713455986	   1.313207975
  -1.799743965	   0.724679986	   1.353711974
  -1.795351965	   0.714431986	   1.374695973
  -1.745575966	   0.745663986	   1.416175973
  -1.692383967	   0.743223986	   1.439599972
  -1.565015970	   0.729559986	   1.379087973
  -1.383479973	   0.637815988	   1.168271977
  -1.171199977	   0.439687992	   0.860343983
  -0.894503983	   0.215207996	   0.612927988
  -0.543143990	   0.019520000	   0.475311991
  -0.028303999	  -0.151767997	   0.467015991
   0.534359990	  -0.314271994	   0.603167988
   1.084335979	  -0.405527992	   0.727607986
   1.641631968	  -0.457255991	   0.883767983
   2.128167959	  -0.614879988	   1.025775980
   2.587375950	  -0.765183985	   1.087751979
   2.910431944	  -1.047735980	   1.130695978
   3.286191937	  -1.297591975	   1.144847978
   3.569719931	  -1.499623971	   1.295151975
   3.788831927	  -1.505479971	   1.521583971
   3.914247924	  -1.441551972	   1.613815969
   3.878623925	  -1.352247974	   1.479615971
   3.615591930	  -1.175591977	   1.258063976
   3.189079938	  -0.916463982	   0.970143981
   2.764519947	  -0.600239988	   0.738343986
   2.415111953	  -0.300119994	   0.676367987
   2.134511959	  -0.098575998	   0.719311986
   1.929551963	  -0.014640000	   0.688567987
   1.723615967	  -0.039527999	   0.623663988
   1.531343970	  -0.104919998	   0.639767988
   1.336631974	  -0.131271997	   0.711015986
   1.096535979	  -0.124439998	   0.755911985
   0.824719984	  -0.122975998	   0.734927986
   0.489463991	  -0.084423998	   0.688567987
   0.200567996	   0.043431999	   0.687591987
  -0.041967999	   0.170311997	   0.784703985
  -0.244975995	   0.337695993	   0.966727981
  -0.417727992	   0.479703991	   1.167295977
  -0.554855989	   0.528015990	   1.299055975
  -0.663191987	   0.535823990	   1.385431973
  -0.778847985	   0.547535989	   1.421543973
  -0.970631981	   0.558271989	   1.406415973
  -1.241471976	   0.508983990	   1.349319974
  -1.463999972	   0.508495990	   1.407879973
  -1.658711968	   0.519719990	   1.552815970
  -1.794863965	   0.526551990	   1.675791968
  -1.967127962	   0.457255991	   1.743623966
  -2.174527958	   0.382591993	   1.807551965
  -2.281399956	   0.364535993	   1.828047965
  -2.395103954	   0.273279995	   1.627479969
  -2.565415950	   0.112239998	   1.332727974
  -2.735727947	   0.127855998	   1.171687977
  -2.725479947	   0.113703998	   1.113615979
  -2.636175949	   0.022448000	   1.056031980
  -2.567855950	  -0.069295999	   1.031143980
  -2.479039952	  -0.158111997	   1.013575980
  -2.399983954	  -0.188855996	   1.046759980
  -2.366799954	  -0.141031997	   1.132647978
  -2.265783956	  -0.071735999	   1.202431977
  -2.157935958	  -0.032207999	   1.221463976
  -2.013487961	   0.004880000	   1.217559977
  -1.845127964	   0.033183999	   1.246839976
  -1.677743968	   0.082471998	   1.260991976
  -1.498159971	   0.114679998	   1.245863976
  -1.256111976	   0.159087997	   1.223415976
  -0.957943982	   0.239607995	   1.240495976
  -0.636839988	   0.312319994	   1.331751974
  -0.277671995	   0.232775996	   1.282951975
   0.251807995	   0.062951999	   1.014063980
   0.851559984	  -0.167871997	   0.725655986
   1.454239972	  -0.410407992	   0.411383992
   2.063751960	  -0.657335987	   0.393327992
   2.720111948	  -0.861319983	   0.651967987
   3.363295935	  -1.013575980	   1.045783980
   3.927911924	  -1.219511976	   1.430815972
   4.234863918	  -1.421543973	   1.489375971
   4.375407916	  -1.415687973	   1.442039972
   4.419815915	  -1.410319973	   1.216095977
   4.292935917	  -1.450823972	   0.851559984
   4.081143921	  -1.348831974	   0.641719988
   3.774679927	  -1.075063979	   0.609999988
   3.418439934	  -0.747127986	   0.538751990
   3.085623940	  -0.446519991	   0.460183991
   2.818687946	  -0.115655998	   0.552415989
   2.596647950	   0.148839997	   0.692471987
   2.394615954	   0.277183995	   0.787143985
   2.128167959	   0.385031993	   0.843263984
   1.972495962	   0.346967993	   0.810079984
   1.752407966	   0.245463995	   0.727607986
   1.427399972	   0.183975996	   0.756399985
   1.141919978	   0.123463998	   0.857903983
   0.793487985	   0.082471998	   0.999911981
   0.462135991	   0.118583998	   1.148751978
   0.287431994	   0.081007998	   1.302471975
   0.171287997	   0.009272000	   1.348831974
  -0.037575999	  -0.067343999	   1.215607977
  -0.280111995	  -0.159575997	   0.985271981
  -0.463111991	  -0.204959996	   0.776895985
  -0.703695986	  -0.194223996	   0.731023986
  -0.901335983	  -0.165919997	   0.681247987
  -1.073111979	  -0.141031997	   0.696375987
  -1.210727977	  -0.023424000	   0.916463982
  -1.281487975	   0.155671997	   1.357127974
  -1.478639971	   0.464575991	   1.930527963
  -1.819751965	   0.788119985	   2.458543953
  -1.865135964	   0.875471983	   2.615191950
  -2.147687959	   0.654895987	   2.141343959
  -2.429263953	   0.561199989	   1.966639962
  -2.233087957	   0.339647993	   1.429839972
  -2.110111959	  -0.101503998	   0.735415986
  -2.131583959	  -0.426999992	   0.443591991
  -2.058871960	  -0.631959988	   0.568519989
  -2.022271961	  -0.726631986	   0.992103981
  -1.951511962	  -0.680759987	   1.431791972
  -1.828535965	  -0.591455989	   1.757775966
  -1.729471967	  -0.414799992	   1.869039964
  -1.654807968	  -0.245463995	   1.787055966
  -1.642119968	  -0.110287998	   1.671887968
  -1.580631969	   0.043919999	   1.622599969
  -1.489863971	   0.152255997	   1.591855969
  -1.471319972	   0.242047995	   1.610399969
  -1.526463971	   0.276695995	   1.675791968
  -1.551839970	   0.267911995	   1.749967966
  -1.492303971	   0.262055995	   1.807063965
  -1.379575973	   0.229847996	   1.788031965
  -1.233663976	   0.202031996	   1.724591967
  -1.052127980	   0.200567996	   1.659687968
  -0.877423983	   0.225943996	   1.574287970
  -0.604143988	   0.170799997	   1.411783973
  -0.286455994	   0.045871999	   1.126303978
  -0.057095999	  -0.096135998	   0.770551985
   0.229359996	  -0.276207995	   0.480679991
   0.676855987	  -0.516303990	   0.175191997
   1.159487978	  -0.752983985	  -0.005368000
   1.643095968	  -0.888647983	   0.056607999
   2.190631958	  -0.899871983	   0.399183992
   2.635199949	  -0.870591983	   0.792999985
   2.970455943	  -0.846191984	   1.045295980
   3.328159936	  -0.864735983	   1.079455979
   3.638039930	  -0.875959983	   0.983807981
   3.902535925	  -0.915975982	   0.792999985
   4.028439922	  -0.966239981	   0.736879986
   3.998183923	  -0.983319981	   0.760303985
   3.882039925	  -0.876935983	   0.758839985
   3.632183930	  -0.628055988	   0.751031986
   3.300343936	  -0.401135992	   0.650015987
   3.001687942	  -0.198127996	   0.622687988
   2.774767946	   0.003416000	   0.643671988
   2.550287951	   0.080031998	   0.635863988
   2.304335956	   0.122487998	   0.655871987
   2.014951961	   0.147863997	   0.688567987
   1.698727967	   0.195199996	   0.738343986
   1.390311973	   0.275231995	   0.774943985
   1.106783979	   0.391375992	   0.848143984
   0.748103986	   0.422607992	   0.925247982
   0.431879992	   0.480191991	   1.001863981
   0.137615997	   0.505567990	   0.975999981
  -0.140543997	   0.479215991	   1.009671981
  -0.357215993	   0.504591990	   1.081895979
  -0.627079988	   0.580719989	   1.166319977
  -0.903775983	   0.628543988	   1.272703975
  -1.104831979	   0.584135989	   1.330287974
  -1.297103975	   0.470431991	   1.360055974
  -1.415199973	   0.326959994	   1.394703973
  -1.382991973	   0.141031997	   1.429839972
  -1.359079974	  -0.053191999	   1.426423972
  -1.381039973	  -0.191295996	   1.517679971
  -1.461559972	  -0.095647998	   1.843175964
  -1.402511973	  -0.133223997	   2.131095959
  -1.523047971	  -0.182999996	   2.091079960
  -1.952487962	  -0.150791997	   2.444391953
  -2.055943960	   0.059047999	   2.558095951
  -1.988599962	   0.158111997	   2.377047954
  -2.188191958	   0.081007998	   1.995431961
  -2.310679955	   0.034159999	   1.706535967
  -2.234063957	   0.006832000	   1.341023974
  -2.179895958	  -0.055631999	   1.077503979
  -2.110111959	  -0.032695999	   0.840823984
  -1.978351962	   0.018544000	   0.746151986
  -1.850495964	   0.040015999	   0.771039985
  -1.720687967	   0.034159999	   0.828623984
  -1.533783970	   0.027815999	   0.951599982
  -1.315647975	   0.073687999	   1.149727978
  -1.125327978	   0.193735996	   1.402999973
  -0.948183982	   0.336231994	   1.599663969
  -0.806175984	   0.429439992	   1.636263968
  -0.708575986	   0.493855990	   1.530855970
  -0.631471988	   0.546071989	   1.339071974
  -0.559247989	   0.554367989	   1.133623978
  -0.439687992	   0.555831989	   1.006743981
  -0.303535994	   0.507031990	   0.945255982
  -0.192271996	   0.400159992	   0.898407983
   0.047823999	   0.209351996	   0.856439983
   0.559247989	  -0.075151999	   0.791535985
   1.198527977	  -0.471407991	   0.785191985
   1.980791962	  -0.859367983	   0.789583985
   2.695223948	  -1.216095977	   0.863759983
   3.249103937	  -1.248303976	   1.079943979
   3.626327930	  -1.125815978	   1.418127973
   3.941575924	  -1.000399981	   1.630895969
   4.046495922	  -1.069695979	   1.576239970
   3.885943925	  -1.127279978	   1.384943973
   3.791759927	  -1.086775979	   1.103367979
   3.647311930	  -1.024311980	   0.830575984
   3.370127935	  -0.852047984	   0.642207988
   3.142719939	  -0.656847987	   0.615855988
   2.951423943	  -0.481655991	   0.617319988
   2.650327949	  -0.375271993	   0.603167988
   2.388271954	  -0.232287996	   0.617807988
   2.160375958	  -0.117607998	   0.593895989
   1.891487963	  -0.029279999	   0.560223989
   1.591855969	   0.044407999	   0.561199989
   1.308327975	   0.093207998	   0.585111989
   0.989175981	   0.074663999	   0.652455987
   0.716871986	   0.162015997	   0.678319987
   0.422119992	   0.253759995	   0.674903987
   0.123463998	   0.305487994	   0.640743988
  -0.193247996	   0.423095992	   0.592431989
  -0.569983989	   0.592431989	   0.591943989
  -0.905239983	   0.801783985	   0.691007987
  -1.126791978	   1.026263980	   0.899383983
  -1.321991974	   1.162415978	   1.107271979
  -1.535735970	   1.221951976	   1.304423975
  -1.842687964	   1.172175977	   1.527439971
  -2.142319959	   1.024799980	   1.650415968
  -2.331663955	   0.837407984	   1.717271967
  -2.426335953	   0.600239988	   1.768999966
  -2.482943952	   0.233751995	   1.845127964
  -2.492215952	   0.036111999	   1.811455965
  -2.435119953	  -0.389423992	   1.486935971
  -2.659111949	  -0.543143990	   1.524999971
  -2.557607951	  -0.424071992	   1.784615966
  -2.256511956	  -0.341599993	   1.778271966
  -2.252119957	  -0.236191995	   1.764119966
  -2.146711959	  -0.099551998	   1.602591969
  -2.053015960	   0.101991998	   1.451311972
  -2.029591961	   0.290359994	   1.347855974
  -2.004215961	   0.434319992	   1.248791976
  -1.958343962	   0.508007990	   1.139967978
  -1.898319963	   0.498247990	   1.031143980
  -1.776319966	   0.441639991	   0.962823981
  -1.562575970	   0.391375992	   0.932567982
  -1.302471975	   0.331351994	   0.866687983
  -0.985759981	   0.243999995	   0.759815985
  -0.612439988	   0.192271996	   0.663191987
  -0.251319995	   0.130295997	   0.602679988
   0.121023998	   0.042455999	   0.552903989
   0.504103990	  -0.120047998	   0.495807990
   0.995031981	  -0.402599992	   0.416263992
   1.661151968	  -0.702719986	   0.407479992
   2.390711954	  -1.069695979	   0.487023991
   3.121735940	  -1.445943972	   0.633423988
   3.708311928	  -1.730935967	   0.832527984
   4.046983922	  -1.833903965	   1.083847979
   4.202655919	  -1.768999966	   1.336631974
   4.274879918	  -1.644071968	   1.507919971
   4.187039919	  -1.390311973	   1.485959971
   3.916687924	  -1.079455979	   1.309303975
   3.512623932	  -0.740783986	   1.033583980
   3.070983941	  -0.426511992	   0.755911985
   2.666919949	  -0.179095997	   0.562663989
   2.356551955	  -0.018056000	   0.501175990
   2.155983958	   0.058559999	   0.518255990
   1.996407961	   0.128831998	   0.552415989
   1.816335965	   0.160551997	   0.623175988
   1.614791969	   0.215695996	   0.749567986
   1.329799974	   0.271327995	   0.778359985
   1.091167979	   0.368927993	   0.810567984
   0.859367983	   0.373807993	   0.756887985
   0.617807988	   0.377711993	   0.721751986
   0.411871992	   0.392351992	   0.737855986
   0.218623996	   0.435783992	   0.813007984
   0.053191999	   0.483119991	   0.962335981
  -0.115167998	   0.490439991	   1.048711980
  -0.303047994	   0.453839991	   1.042367980
  -0.461647991	   0.371367993	   0.967703981
  -0.625615988	   0.231311996	   0.847167984
  -0.745663986	   0.172751997	   0.801295985
  -0.883767983	   0.146399997	   0.844727984
  -1.121423978	   0.149815997	   0.932079982
  -1.360055974	   0.118095998	   1.054567980
  -1.516215971	   0.122975998	   1.150215978
  -1.728007967	   0.156159997	   1.285391975
  -1.893927963	   0.190807996	   1.342975974
  -2.032031961	   0.166407997	   1.247327976
  -2.217471957	   0.235703995	   1.165831978
  -2.331663955	   0.330375994	   1.128255978
  -2.364847954	   0.378687993	   1.132647978
  -2.323367955	   0.439687992	   1.192671977
  -2.238455957	   0.408943992	   1.210727977
  -2.127191959	   0.411383992	   1.230247976
  -1.978839962	   0.453839991	   1.270751975
  -1.828535965	   0.507031990	   1.326383974
  -1.688967967	   0.563639989	   1.343951974
  -1.554279970	   0.619271988	   1.345415974
  -1.434231972	   0.669535987	   1.363959974
  -1.334679974	   0.733463986	   1.420079973
  -1.280023975	   0.830575984	   1.471807972
  -1.259039976	   0.949159982	   1.534759970
  -1.274167975	   1.041391980	   1.572335970
  -1.304911975	   1.079455979	   1.533783970
  -1.240495976	   1.045295980	   1.380063973
  -1.141431978	   0.929639982	   1.143871978
  -1.019431980	   0.734927986	   0.895479983
  -0.779335985	   0.475311991	   0.616343988
  -0.460183991	   0.156159997	   0.365023993
   0.034647999	  -0.149815997	   0.196663996
   0.726143986	  -0.531431990	   0.122975998
   1.652855968	  -0.857415983	   0.262543995
   2.590791950	  -1.186327977	   0.487999991
   3.375007935	  -1.397631973	   0.860343983
   3.970855923	  -1.366399974	   1.389335973
   4.238279918	  -1.253183976	   1.851471964
   4.261215918	  -1.191695977	   2.070583960
   4.190455919	  -1.112639979	   2.009095961
   4.031367922	  -1.024799980	   1.723615967
   3.772727927	  -0.853999984	   1.356151974
   3.377447935	  -0.658311987	   1.008695981
   2.867487945	  -0.460671991	   0.703207986
   2.358991954	  -0.304999994	   0.519719990
   1.926135963	  -0.179095997	   0.392351992
   1.563551970	  -0.104919998	   0.320615994
   1.215607977	  -0.093695998	   0.294263994
   0.900359983	  -0.059047999	   0.237655995
   0.602679988	  -0.012200000	   0.237655995
   0.341599993	   0.041967999	   0.280111995
   0.109311998	   0.100039998	   0.321591994
  -0.114191998	   0.199103996	   0.362095993
  -0.317199994	   0.273279995	   0.392351992
  -0.429439992	   0.357215993	   0.480679991
  -0.595359989	   0.479215991	   0.697839987
  -0.709063986	   0.653919987	   0.966239981
  -0.832039984	   0.722727986	   1.260991976
  -1.067743979	   0.730535986	   1.451799972
  -1.304911975	   0.700767986	   1.498647971
  -1.455703972	   0.452863991	   1.352735974
  -1.560135970	   0.184951996	   1.130207978
  -1.695799967	   0.022448000	   1.065303979
  -1.819263965	  -0.082471998	   1.076039979
  -2.010071961	  -0.129319998	   1.148263978
  -2.225279957	  -0.112239998	   1.227319976
  -2.458055953	  -0.004392000	   1.296615975
  -2.661063949	   0.102479998	   1.260991976
  -2.850407945	   0.220575996	   1.174127977
  -2.930439943	   0.374783993	   1.108735979
  -2.856263945	   0.431391992	   0.976487981
  -2.726943947	   0.448471991	   0.857903983
  -2.527351951	   0.474335991	   0.817399984
  -2.313119955	   0.495319990	   0.911583982
  -2.089127960	   0.550463989	   1.111175979
  -1.935407963	   0.636351988	   1.338095974
  -1.887583964	   0.704671986	   1.549399970
  -1.846591964	   0.784703985	   1.703119967
  -1.717271967	   0.778847985	   1.657735968
  -1.519631971	   0.632447988	   1.315647975
  -1.233175976	   0.390887992	   0.790559985
  -0.786655985	   0.126879998	   0.177143997
  -0.280599995	  -0.062951999	  -0.123951998
   0.303047994	  -0.226431996	  -0.031231999
   1.147287978	  -0.340135993	   0.323055994
   1.949559962	  -0.453839991	   0.841311984
   2.585423950	  -0.541679990	   1.465463972
   3.149551939	  -0.562663989	   2.014463961
   3.465287933	  -0.649039987	   2.306287955
   3.595095931	  -0.827647984	   2.289207956
   3.797615927	  -1.085311979	   2.018367961
   3.958167924	  -1.238543976	   1.813407965
   3.993303923	  -1.152167978	   1.744111966
   3.837143926	  -0.909631982	   1.706535967
   3.490663933	  -0.615855988	   1.564039970
   3.076839941	  -0.328423994	   1.400559973
   2.651791949	  -0.076615999	   1.252695976
   2.327759955	   0.042943999	   1.098487979
   2.065215960	   0.060511999	   0.991615981
   1.785591966	   0.045871999	   0.869615983
   1.488887971	   0.035135999	   0.712479986
   1.204871977	   0.059535999	   0.598287988
   0.897919983	   0.100039998	   0.484583991
   0.608047988	   0.190319996	   0.458719991
   0.338671993	   0.252295995	   0.486535991
   0.106871998	   0.279623995	   0.528991990
  -0.121511998	   0.313295994	   0.546559989
  -0.351847993	   0.356239993	   0.561687989
  -0.542655990	   0.418215992	   0.608535988
  -0.787631985	   0.444079991	   0.685639987
  -1.075551979	   0.484583991	   0.790559985
  -1.240007976	   0.494831990	   0.902799983
  -1.240983976	   0.358679993	   1.041391980
  -1.203407977	   0.183487996	   1.108247979
  -1.260015976	   0.101015998	   1.179495977
  -1.258063976	   0.024888000	   1.179007977
  -1.274655975	   0.063927999	   1.236103976
  -1.466439972	   0.258639995	   1.448383972
  -1.589903969	   0.386007993	   1.568919970
  -1.642607968	   0.427975992	   1.597223969
  -1.738743966	   0.410407992	   1.523535971
  -1.863183964	   0.396255992	   1.476199972
  -1.993967962	   0.323543994	   1.450335972
  -2.073511960	   0.267423995	   1.411783973
  -2.098399960	   0.270839995	   1.390311973
  -2.097423960	   0.300607994	   1.328823974
  -2.126215959	   0.381615993	   1.185351977
  -2.087663960	   0.498247990	   1.035047980
  -1.972495962	   0.550463989	   0.900847983
  -1.912959963	   0.586087989	   0.859855983
  -1.905639963	   0.634399988	   0.871079983
  -1.959319962	   0.658799987	   0.981367981
  -1.956879962	   0.687591987	   1.126303978
  -1.986647962	   0.696863987	   1.224879976
  -2.012023961	   0.700279986	   1.250255976
  -1.979815962	   0.684175987	   1.131183978
  -1.912471963	   0.643183988	   0.906215983
  -1.829511965	   0.548023989	   0.604631988
  -1.629919969	   0.447495991	   0.341599993
  -1.404951973	   0.316711994	   0.133223997
  -1.129719978	   0.171775997	  -0.031719999
  -0.802271985	  -0.025376000	  -0.081495998
  -0.343063993	  -0.213743996	   0.012200000
   0.278159995	  -0.371855993	   0.198615996
   1.098487979	  -0.574863989	   0.469943991
   2.094983960	  -0.854975984	   0.835943984
   3.024623942	  -1.138991978	   1.262455976
   3.678543929	  -1.261967976	   1.581607969
   4.117255921	  -1.317599975	   1.625039969
   4.386631915	  -1.337119974	   1.499623971
   4.501311913	  -1.280511975	   1.417151973
   4.405175915	  -1.293687975	   1.316135975
   4.180695919	  -1.244399976	   1.218047976
   3.947919924	  -1.138015978	   1.040415980
   3.741007928	  -0.959407981	   0.778847985
   3.386719935	  -0.721751986	   0.523135990
   3.034871941	  -0.408455992	   0.395767992
   2.774279946	  -0.161527997	   0.395767992
   2.541503951	   0.018544000	   0.453839991
   2.340447955	   0.148839997	   0.566567989
   2.129631959	   0.246927995	   0.636351988
   1.870991964	   0.319151994	   0.641719988
   1.569407970	   0.356239993	   0.601215988
   1.247327976	   0.288895994	   0.528015990
   0.949159982	   0.344527993	   0.457743991
   0.637815988	   0.343063993	   0.522159990
   0.427487992	   0.312319994	   0.662215987
   0.249855995	   0.250831995	   0.801295985
   0.047823999	   0.190807996	   0.877423983
  -0.147375997	   0.181047997	   0.971119981
  -0.361119993	   0.233263995	   1.054567980
  -0.633423988	   0.260591995	   1.066767979
  -0.929639982	   0.129807997	   0.936959982
  -1.006743981	   0.009272000	   0.806175984
  -1.021383980	  -0.135663997	   0.694911987
  -1.108735979	  -0.235215995	   0.682223987
  -1.116543978	  -0.274255995	   0.858879983
  -1.216095977	  -0.306463994	   1.088727979
  -1.385919973	  -0.314271994	   1.404951973
  -1.579655970	  -0.228383996	   1.675791968
  -1.833903965	  -0.069783999	   1.778759966
  -2.109135959	   0.198127996	   1.795839965
  -2.421455953	   0.490927991	   1.688479967
  -2.638615949	   0.496783990	   1.493767971
  -2.762079947	   0.460183991	   1.291247975
  -2.662527949	   0.386007993	   1.191695977
  -2.683999948	   0.275719995	   1.166807977
  -2.674239948	   0.269863995	   1.262455976
  -2.540527951	   0.272791995	   1.282463975
  -2.516615951	   0.379175993	   1.294663975
  -2.452199953	   0.528503990	   1.323943974
  -2.408767954	   0.633423988	   1.393239973
  -2.406815954	   0.731511986	   1.463023972
  -2.363383954	   0.780311985	   1.498647971
  -2.230647957	   0.813007984	   1.506943971
  -2.098887959	   0.833503984	   1.455215972
  -1.978351962	   0.836919984	   1.376647973
  -1.833415965	   0.846191984	   1.277095975
  -1.653831968	   0.832039984	   1.151679978
  -1.354687974	   0.764207985	   0.998447981
  -1.014551980	   0.679295987	   0.779335985
  -0.698815987	   0.501175990	   0.436271992
  -0.242535995	   0.190807996	   0.060511999
   0.405527992	  -0.269375995	  -0.210327996
   1.125327978	  -0.682711987	  -0.262055995
   1.727031967	  -1.052615980	  -0.144935997
   2.320439955	  -1.427399972	   0.111751998
   2.948495943	  -1.672863968	   0.452863991
   3.537999932	  -1.790959965	   0.705647986
   4.029903922	  -1.852447964	   0.768599985
   4.306111917	  -1.911495963	   0.750055986
   4.475935914	  -1.916375963	   0.825207984
   4.440799914	  -1.718735967	   1.053103980
   4.196799919	  -1.471807972	   1.174127977
   3.831775926	  -1.123863978	   1.091655979
   3.439423934	  -0.745175986	   0.839847984
   3.057807941	  -0.495807990	   0.525087990
   2.651791949	  -0.336719994	   0.308903994
   2.397055954	  -0.237655995	   0.229359996
   2.203807957	  -0.160063997	   0.255223995
   1.879287964	   0.014640000	   0.512887990
   1.596247969	   0.178119997	   0.718335986
   1.321015975	   0.287431994	   0.805687984
   1.024311980	   0.354775993	   0.801295985
   0.721751986	   0.374295993	   0.811055984
   0.401135992	   0.397719992	   0.797879985
   0.130783997	   0.453351991	   0.759815985
  -0.084911998	   0.477751991	   0.735903986
  -0.258151995	   0.514839990	   0.710039986
  -0.452375991	   0.511423990	   0.604631988
  -0.672951987	   0.483607991	   0.537775990
  -0.853023984	   0.578767989	   0.721263986
  -0.912071982	   0.667095987	   0.976975981
  -1.033095980	   0.765183985	   1.312719975
  -1.085311979	   0.747615986	   1.559647970
  -1.145823978	   0.673927987	   1.661151968
  -1.161927978	   0.523623990	   1.675791968
  -1.158023978	   0.277671995	   1.481079971
  -1.259527976	   0.053679999	   1.211703977
  -1.390311973	  -0.049287999	   1.006255981
  -1.578191970	   0.013664000	   0.987711981
  -1.672375968	   0.126879998	   1.125327978
  -1.856351964	   0.240095995	   1.337607974
  -2.073999960	   0.410407992	   1.508407971
  -2.268711956	   0.445055991	   1.499623971
  -2.492703952	   0.429927992	   1.416663973
  -2.460007953	   0.351359993	   1.236103976
  -2.375583954	   0.164943997	   0.881815983
  -2.314095955	   0.092231998	   0.560711989
  -2.183311958	   0.169823997	   0.547535989
  -2.049111960	   0.383079993	   0.771039985
  -1.963223962	   0.630495988	   1.020895980
  -1.892951963	   0.817887984	   1.186815977
  -1.825119965	   0.937935982	   1.271727975
  -1.816335965	   0.991127981	   1.273679975
  -1.836831965	   1.008695981	   1.210239977
  -1.786567966	   0.925247982	   1.070183979
  -1.631383969	   0.770551985	   0.853999984
  -1.441063972	   0.605119988	   0.626591988
  -1.245375976	   0.474823991	   0.485071991
  -0.989663981	   0.359655993	   0.465063991
  -0.723215986	   0.251319995	   0.498735990
  -0.407967992	   0.110775998	   0.576815989
  -0.030743999	  -0.019032000	   0.668559987
   0.342575993	  -0.105407998	   0.764695985
   0.791535985	  -0.225943996	   0.827159984
   1.247327976	  -0.427975992	   0.851559984
   1.910031963	  -0.677343987	   0.911583982
   2.551751951	  -0.952087982	   1.098487979
   3.164679939	  -1.229759976	   1.401535973
   3.636087930	  -1.488399971	   1.579167970
   3.985983923	  -1.719711967	   1.561111970
   4.168007920	  -1.914423963	   1.430327972
   4.137751920	  -1.895879963	   1.345415974
   3.914247924	  -1.709951967	   1.291735975
   3.542391932	  -1.317599975	   1.210727977
   3.106607940	  -0.915975982	   1.120447978
   2.787943946	  -0.522647990	   0.995031981
   2.595183950	  -0.261567995	   0.980391981
   2.503927952	  -0.082471998	   0.996007981
   2.324343955	   0.044407999	   1.058471980
   2.100839959	   0.108823998	   1.018943980
   1.780711966	   0.198127996	   0.995519981
   1.430327972	   0.278647995	   0.996495981
   1.197063977	   0.284015995	   1.025287980
   1.027727980	   0.311831994	   1.035047980
   0.754935985	   0.287919994	   0.958919981
   0.415775992	   0.308903994	   0.922807982
   0.150303997	   0.332815994	   0.992591981
  -0.006832000	   0.416263992	   1.089215979
  -0.290359994	   0.554367989	   1.063839979
  -0.705159986	   0.633423988	   0.872543983
  -1.142895978	   0.726143986	   0.608535988
  -1.572823970	   0.803247984	   0.484095991
  -1.818775965	   0.845703984	   0.546559989
  -1.972007962	   0.833015984	   0.670023987
  -2.000311961	   0.736391986	   0.846679984
  -1.956879962	   0.579743989	   1.032119980
  -1.904663963	   0.494831990	   1.271239975
  -2.008119961	   0.365511993	   1.502063971
  -2.191607958	   0.219111996	   1.534271970
  -2.414135953	   0.110287998	   1.292223975
  -2.599575950	  -0.018056000	   0.941351982
  -2.681071948	  -0.091743998	   0.726631986
  -2.729871947	  -0.108823998	   0.735903986
  -2.681071948	  -0.052703999	   0.796903985
  -2.615191950	   0.043919999	   0.830087984
  -2.481967952	   0.224967996	   0.730535986
  -2.342399955	   0.269375995	   0.409431992
  -2.304335956	   0.320615994	   0.232287996
  -2.224303957	   0.433343992	   0.275719995
  -2.085711960	   0.546559989	   0.411871992
  -1.996407961	   0.635863988	   0.505567990
  -1.951999962	   0.658799987	   0.526063990
  -1.847567964	   0.644159988	   0.528503990
  -1.730935967	   0.615855988	   0.515327990
  -1.532319970	   0.584135989	   0.560223989
  -1.299543975	   0.491415991	   0.554367989
  -1.031143980	   0.396255992	   0.514351990
  -0.780311985	   0.331351994	   0.507519990
  -0.517279990	   0.250343995	   0.492879990
  -0.169823997	   0.067343999	   0.422607992
   0.352823993	  -0.167871997	   0.331351994
   0.974535981	  -0.457743991	   0.324519994
   1.574287970	  -0.865223983	   0.466039991
   2.046183961	  -1.269287976	   0.700279986
   2.504903952	  -1.594783969	   0.972583981
   2.977287943	  -1.879775964	   1.203407977
   3.327671936	  -2.100839959	   1.269287976
   3.610223930	  -2.132071959	   1.344439974
   3.696111929	  -2.007143961	   1.423495973
   3.683911929	  -1.860743964	   1.380551973
   3.577527931	  -1.663103968	   1.282463975
   3.382327935	  -1.324431974	   1.233175976
   3.166143939	  -0.970143981	   1.209263977
   2.984607942	  -0.633423988	   1.191207977
   2.689855948	  -0.315735994	   1.205847977
   2.358991954	  -0.104919998	   1.196575977
   2.028127961	  -0.031719999	   1.075063979
   1.679695968	  -0.006832000	   0.916951982
   1.401047973	   0.024400000	   0.834967984
   1.072135979	   0.033183999	   0.763231985
   0.785191985	   0.113215998	   0.718335986
   0.458719991	   0.200079996	   0.679295987
   0.227407996	   0.319639994	   0.669047987
   0.036599999	   0.406015992	   0.619759988
  -0.135175997	   0.442615991	   0.580231989
  -0.269863995	   0.463599991	   0.575839989
  -0.367951993	   0.524111990	   0.668559987
  -0.496783990	   0.601215988	   0.820815984
  -0.665143987	   0.678807987	   0.937447982
  -0.812519984	   0.735903986	   1.047247980
  -0.928663982	   0.738343986	   1.096535979
  -1.076527979	   0.652455987	   1.057495980
  -1.149727978	   0.572911989	   0.979903981
  -1.174127977	   0.441151991	   0.876447983
  -1.211703977	   0.346967993	   0.795439985
  -1.220487976	   0.250831995	   0.706623986
  -1.294175975	   0.200079996	   0.683199987
  -1.448871972	   0.262543995	   0.730047986
  -1.658223968	   0.359167993	   0.846679984
  -1.794375965	   0.443103991	   0.991615981
  -1.936871963	   0.526551990	   1.081895979
  -2.139879959	   0.628055988	   1.123863978
  -2.362895954	   0.787143985	   1.170223977
  -2.514663951	   0.834967984	   1.123863978
  -2.557607951	   0.786655985	   0.962823981
  -2.501487952	   0.645135988	   0.788119985
  -2.448295953	   0.537287990	   0.720287986
  -2.402423954	   0.504103990	   0.777871985
  -2.373143954	   0.511911990	   0.942815982
  -2.326295955	   0.547047989	   1.186815977
  -2.266759956	   0.614391988	   1.402023973
  -2.192095958	   0.618783988	   1.526463971
  -2.017391961	   0.575351989	   1.571359970
  -1.796815965	   0.518255990	   1.499135971
  -1.611375969	   0.431391992	   1.278559975
  -1.341999974	   0.336719994	   1.005279981
  -0.914023982	   0.212279996	   0.751519985
  -0.365511993	   0.123463998	   0.589503989
   0.295727994	  -0.041967999	   0.628543988
   0.920855982	  -0.142495997	   0.711015986
   1.451799972	  -0.271815995	   0.971607981
   1.966151962	  -0.528015990	   1.175103977
   2.371679954	  -0.826183984	   1.317599975
   2.778183946	  -1.213167977	   1.320039975
   3.268623937	  -1.711415967	   1.078967979
   3.727831928	  -2.079855960	   0.948671982
   3.999159923	  -2.300431956	   0.881327983
   3.998671923	  -2.259439956	   0.869127983
   3.844951926	  -1.992503962	   1.004791981
   3.558007931	  -1.486447971	   1.110687979
   3.222263938	  -0.881327983	   1.067743979
   2.996807942	  -0.326959994	   1.001375981
   2.842599945	   0.100039998	   1.020895980
   2.698151948	   0.379663993	   1.089703979
   2.498071952	   0.527527990	   1.177055977
   2.277983956	   0.537287990	   1.216583977
   2.068143960	   0.485559991	   1.191695977
   1.849031964	   0.447983991	   1.142407978
   1.563063970	   0.443591991	   1.089703979
   1.302471975	   0.485071991	   1.080431979
   0.997959981	   0.448471991	   1.053591980
   0.653431987	   0.459207991	   1.004303981
   0.333303994	   0.436271992	   0.974047981
   0.016104000	   0.434807992	   1.004791981
  -0.234239995	   0.478727991	   1.093607979
  -0.439199992	   0.480679991	   1.147287978
  -0.650991987	   0.381615993	   1.129719978
  -0.816911984	   0.274255995	   1.053591980
  -0.986735981	   0.182999996	   1.029679980
  -1.116543978	   0.186903996	   1.080919979
  -1.267335976	   0.144447997	   1.200967977
  -1.361031974	   0.018056000	   1.253183976
  -1.513775971	  -0.135663997	   1.185351977
  -1.721663967	  -0.325983994	   0.951599982
  -1.977375962	  -0.426511992	   0.711991986
  -2.130119959	  -0.378199993	   0.580231989
  -2.248703957	  -0.308415994	   0.518743990
  -2.438047953	  -0.197639996	   0.618295988
  -2.633735949	  -0.121511998	   0.860343983
  -2.767447947	  -0.041967999	   1.055543980
  -2.836255945	   0.121999998	   1.143871978
  -2.822103946	   0.352823993	   1.043343980
  -2.806975946	   0.503127990	   0.943791982
  -2.649351949	   0.825207984	   0.559247989
  -2.582495950	   0.900847983	   0.565591989
  -2.417551953	   0.886207983	   0.557295989
  -2.246751957	   0.844239984	   0.543631990
  -2.056919960	   0.794951985	   0.649527987
  -1.849519964	   0.803247984	   0.883767983
  -1.704583967	   0.856439983	   1.166319977
  -1.648951968	   0.921831982	   1.471807972
  -1.601615969	   0.938911982	   1.737767966
  -1.474735972	   0.959895981	   1.844151964
  -1.324919974	   0.845703984	   1.681647968
  -1.128743978	   0.630983988	   1.381527973
  -0.890111983	   0.447983991	   1.053103980
  -0.668071987	   0.315735994	   0.772015985
  -0.578279989	   0.259127995	   0.664655987
  -0.154207997	   0.108335998	   0.601215988
   0.161039997	  -0.184951996	   0.656847987
   0.625615988	  -0.512887990	   0.635375988
   1.251231976	  -0.802271985	   0.781287985
   2.027639961	  -1.053591980	   1.038951980
   2.713767948	  -1.266847976	   1.262943976
   3.101239940	  -1.444479972	   1.481567971
   3.402823934	  -1.585023969	   1.578191970
   3.649263930	  -1.644559968	   1.594295969
   3.843975926	  -1.619183969	   1.551839970
   3.925959924	  -1.632359968	   1.358103974
   3.910831925	  -1.585511969	   1.129719978
   3.766383927	  -1.387383973	   1.013575980
   3.436007934	  -1.022359980	   0.904263983
   3.103191940	  -0.588039989	   0.826671984
   2.758175947	  -0.230335996	   0.778359985
   2.420479953	  -0.010736000	   0.753959985
   2.188191958	   0.151767997	   0.738831986
   1.983719962	   0.201055996	   0.702231986
   1.760703966	   0.242047995	   0.746639986
   1.548911970	   0.251319995	   0.824231984
   1.280023975	   0.258639995	   0.838871984
   0.969655981	   0.250831995	   0.826183984
   0.666607987	   0.278159995	   0.816423984
   0.385031993	   0.337695993	   0.857903983
   0.122487998	   0.404063992	   0.885719983
  -0.142983997	   0.441151991	   0.866199983
  -0.381127993	   0.472383991	   0.833503984
  -0.584135989	   0.475799991	   0.791535985
  -0.699791986	   0.430903992	   0.754447985
  -0.918903982	   0.354287993	   0.768111985
  -1.150703978	   0.289871994	   0.833503984
  -1.327359974	   0.264007995	   0.923295982
  -1.487423971	   0.304511994	   1.018943980
  -1.646511968	   0.301583994	   1.053591980
  -1.753383966	   0.243999995	   0.991127981
  -1.817799965	   0.150791997	   0.897919983
  -1.919303963	   0.085887998	   0.850095984
  -2.072535960	   0.061487999	   0.861807983
  -2.227231957	   0.092231998	   0.844239984
  -2.396079954	   0.108823998	   0.804223984
  -2.561023951	   0.095647998	   0.719311986
  -2.706447948	   0.157135997	   0.688567987
  -2.795751946	   0.260591995	   0.730047986
  -2.769399947	   0.383567993	   0.683199987
  -2.727431947	   0.443103991	   0.564615989
  -2.609335950	   0.415775992	   0.460671991
  -2.480503952	   0.357703993	   0.464087991
  -2.420967953	   0.343063993	   0.533383990
  -2.390711954	   0.284991995	   0.627567988
  -2.322879955	   0.228383996	   0.685151987
  -2.210151957	   0.225943996	   0.730535986
  -2.033007961	   0.263519995	   0.762255985
  -1.798767965	   0.308903994	   0.762743985
  -1.489375971	   0.353799993	   0.709063986
  -1.137527978	   0.388935992	   0.590967989
  -0.752495985	   0.365023993	   0.475799991
  -0.319151994	   0.265959995	   0.388935992
   0.263031995	   0.077591999	   0.357215993
   0.933055982	  -0.244487995	   0.400647992
   1.771439966	  -0.684175987	   0.534359990
   2.587375950	  -1.062863979	   0.863759983
   3.291071936	  -1.306863975	   1.378111973
   3.837143926	  -1.316135975	   1.972007962
   4.184111919	  -1.286855975	   2.271639956
   4.373455916	  -1.278071975	   2.293599956
   4.310015917	  -1.457167972	   2.052039960
   4.087487921	  -1.549399970	   1.643095968
   3.734175928	  -1.546959970	   1.240007976
   3.319375936	  -1.348343974	   0.993079981
   2.960207943	  -0.943791982	   0.925735982
   2.690343948	  -0.591455989	   0.987711981
   2.439511953	  -0.333791994	   1.049687980
   2.300431956	  -0.171775997	   1.067255979
   2.141343959	  -0.040991999	   1.087263979
   1.933455963	   0.087351998	   1.130695978
   1.680671968	   0.142007997	   1.119959978
   1.426911972	   0.143471997	   1.046271980
   1.185839977	   0.077103999	   0.973559981
   0.972583981	   0.039039999	   0.924271982
   0.664167987	   0.049287999	   0.862295983
   0.306463994	   0.034647999	   0.833503984
   0.061487999	   0.124439998	   0.835943984
  -0.185927996	   0.251319995	   0.834967984
  -0.430903992	   0.354287993	   0.786167985
  -0.742735986	   0.456279991	   0.736879986
  -1.066767979	   0.569007989	   0.696863987
  -1.331263974	   0.721263986	   0.697839987
  -1.580631969	   0.783239985	   0.723215986
  -1.732399967	   0.771527985	   0.768599985
  -1.745087966	   0.802271985	   0.886207983
  -1.806575965	   0.730047986	   0.992103981
  -1.897831963	   0.556319989	   1.025775980
  -1.890511964	   0.392351992	   1.067255979
  -1.938335963	   0.232287996	   1.133135978
  -2.036423961	   0.138103997	   1.198527977
  -2.243335957	   0.043919999	   1.106295979
  -2.480503952	   0.005368000	   0.941839982
  -2.611287950	  -0.066855999	   0.789095985
  -2.662527949	  -0.112239998	   0.739807986
  -2.650327949	  -0.083935998	   0.852047984
  -2.558583951	  -0.013176000	   0.997471981
  -2.470743952	   0.025376000	   1.044319980
  -2.344351955	   0.004880000	   0.996983981
  -2.232599957	  -0.022936000	   0.929639982
  -2.092543960	  -0.017568000	   0.860831983
  -1.926135963	  -0.020984000	   0.834967984
  -1.754359966	  -0.001952000	   0.824719984
  -1.631383969	   0.072223999	   0.830087984
  -1.557695970	   0.181535996	   0.849119984
  -1.479127971	   0.264007995	   0.857415983
  -1.322479974	   0.356239993	   0.834479984
  -1.084335979	   0.440175992	   0.869615983
  -0.799831985	   0.528991990	   0.950135982
  -0.608047988	   0.511423990	   1.014551980
  -0.386495993	   0.406991992	   0.987223981
  -0.125903998	   0.212767996	   0.873031983
   0.268887995	  -0.125903998	   0.696863987
   0.743711986	  -0.484095991	   0.542655990
   1.247815976	  -0.884743983	   0.479703991
   1.797303965	  -1.257087976	   0.541191990
   2.354111955	  -1.566479970	   0.698327987
   2.993391942	  -1.835367965	   1.023335980
   3.554103931	  -1.900759963	   1.429839972
   3.847879926	  -1.826095965	   1.726543967
   4.006967923	  -1.558183970	   1.974935962
   3.975735923	  -1.345903974	   1.970055962
   3.767847927	  -1.070671979	   1.754847966
   3.472607933	  -0.780311985	   1.434719972
   3.108559940	  -0.422119992	   1.176079977
   2.765007947	  -0.089303998	   1.011135980
   2.526375951	   0.149327997	   0.897919983
   2.272615956	   0.319639994	   0.882303983
   2.086687960	   0.394303992	   0.977463981
   1.905639963	   0.405527992	   1.018943980
   1.686527967	   0.391375992	   1.038951980
   1.430815972	   0.381127993	   0.989663981
   1.152167978	   0.373319993	   0.905239983
   0.864735983	   0.373807993	   0.847167984
   0.588039989	   0.371855993	   0.798855985
   0.318663994	   0.376735993	   0.741759986
   0.049775999	   0.408455992	   0.703695986
  -0.191295996	   0.451399991	   0.696375987
  -0.402111992	   0.471407991	   0.688079987
  -0.557783989	   0.457255991	   0.626103988
  -0.663191987	   0.461647991	   0.600239988
  -0.805687984	   0.446031991	   0.613903988
  -0.923783982	   0.478727991	   0.678319987
  -1.022359980	   0.474823991	   0.780799985
  -1.166319977	   0.459207991	   0.914999982
  -1.301983975	   0.345991993	   1.038463980
  -1.409831973	   0.160551997	   1.118983978
  -1.499135971	  -0.061975999	   1.188279977
  -1.599175969	  -0.290359994	   1.168271977
  -1.752407966	  -0.485559991	   1.127767978
  -1.849519964	  -0.562663989	   1.211215977
  -1.998359961	  -0.499223990	   1.461559972
  -2.140855959	  -0.323055994	   1.755823966
  -2.295063956	  -0.149815997	   1.925647963
  -2.452687953	   0.059047999	   1.962247962
  -2.626415949	   0.197151996	   1.863671964
  -2.715231948	   0.327935994	   1.703119967
  -2.669847948	   0.440663991	   1.544519970
  -2.569319950	   0.512887990	   1.358103974
  -2.456103953	   0.577791989	   1.183399977
  -2.310679955	   0.684175987	   1.075063979
  -2.174039958	   0.789095985	   1.021871980
  -2.012511961	   0.931591982	   0.990151981
  -1.874895964	   1.099463979	   0.975999981
  -1.756311966	   1.261967976	   0.961359981
  -1.628455969	   1.395679973	   0.902799983
  -1.468879972	   1.417639973	   0.770063985
  -1.184375977	   1.324431974	   0.572911989
  -0.808127984	   1.146311978	   0.373807993
  -0.402599992	   0.883767983	   0.171775997
   0.052703999	   0.472383991	   0.021472000
   0.674903987	  -0.014152000	  -0.032207999
   1.382015973	  -0.636839988	  -0.045383999
   2.195511958	  -1.312719975	  -0.005368000
   2.977287943	  -1.961759962	   0.154207997
   3.620959930	  -2.400959954	   0.434807992
   3.968903923	  -2.495631952	   0.982343981
   4.217295919	  -2.480991952	   1.488887971
   4.284639917	  -2.314583955	   1.745575966
   4.142143920	  -1.954927962	   1.782663966
   3.846415926	  -1.582583969	   1.584047969
   3.550687931	  -1.102879979	   1.327359974
   3.211527938	  -0.645623988	   1.076527979
   2.795751946	  -0.283039995	   0.907679982
   2.486847952	  -0.012200000	   0.881327983
   2.258463956	   0.166895997	   0.907191982
   2.041303961	   0.245951995	   0.922319982
   1.809503965	   0.246927995	   0.928175982
   1.565015970	   0.248879995	   0.869127983
   1.337119974	   0.274255995	   0.794951985
   1.121423978	   0.296703994	   0.714431986
   0.844239984	   0.270351995	   0.637815988
   0.579255989	   0.286455994	   0.557295989
   0.329887994	   0.322567994	   0.568031989
   0.101015998	   0.355751993	   0.614879988
  -0.096623998	   0.379663993	   0.682711987
  -0.223503996	   0.364535993	   0.823255984
  -0.293287994	   0.352335993	   0.976487981
  -0.397719992	   0.373807993	   1.151191978
  -0.628543988	   0.390399992	   1.291247975
  -0.805687984	   0.410895992	   1.366887974
  -1.057007980	   0.460671991	   1.395679973
  -1.282463975	   0.489951991	   1.391775973
  -1.364447974	   0.366975993	   1.324919974
  -1.382015973	   0.123951998	   1.186327977
  -1.424471973	  -0.088327998	   1.090191979
  -1.492303971	  -0.219599996	   1.092143979
  -1.565015970	  -0.253271995	   1.221951976
  -1.655783968	  -0.215695996	   1.410319973
  -1.960295962	  -0.272791995	   1.527927971
  -2.295063956	  -0.140543997	   1.677743968
  -2.452687953	   0.006344000	   1.722151967
  -2.569807950	   0.138103997	   1.685063967
  -2.650815949	   0.336719994	   1.596735969
  -2.667895949	   0.510935990	   1.373719973
  -2.569319950	   0.656359987	   1.010159981
  -2.483919952	   0.767623985	   0.779335985
  -2.367775954	   0.833503984	   0.582183989
  -2.207711957	   0.796415985	   0.425047992
  -2.068631960	   0.749079986	   0.404063992
  -1.992015962	   0.785679985	   0.518255990
  -1.932967963	   0.845703984	   0.703695986
  -1.829511965	   0.910607982	   0.879863983
  -1.752895966	   1.002351981	   1.062863979
  -1.668471968	   1.077503979	   1.184375977
  -1.573311970	   1.122399978	   1.197063977
  -1.441063972	   1.049199980	   1.093119979
  -1.271727975	   0.922319982	   0.933543982
  -1.098975979	   0.791047985	   0.809591984
  -0.940863982	   0.596335988	   0.662703987
  -0.774455985	   0.350383993	   0.455303991
  -0.387471993	   0.017080000	   0.297191994
  -0.011712000	  -0.259615995	   0.353311993
   0.594383989	  -0.540703990	   0.445055991
   1.291735975	  -0.785191985	   0.568519989
   2.169647958	  -1.014063980	   0.720775986
   3.059759941	  -1.293687975	   0.962823981
   3.762479927	  -1.521095971	   1.237079976
   4.192407919	  -1.653343968	   1.437159972
   4.334415916	  -1.660175968	   1.592343969
   4.414935915	  -1.511335971	   1.659687968
   4.291471917	  -1.294663975	   1.654807968
   4.064551922	  -1.137527978	   1.470343972
   3.720023928	  -0.895967983	   1.285879975
   3.324743936	  -0.574863989	   1.162903978
   2.947519943	  -0.212279996	   1.064327979
   2.658135949	   0.096623998	   0.986735981
   2.449271953	   0.272791995	   0.932567982
   2.217471957	   0.330375994	   0.882303983
   1.990551962	   0.364047993	   0.888159983
   1.810479965	   0.373807993	   0.981855981
   1.542079970	   0.318663994	   0.971607981
   1.282463975	   0.267423995	   0.959407981
   1.123375978	   0.215207996	   0.986735981
   0.906215983	   0.173727997	   1.033583980
   0.673927987	   0.174703997	   1.027727980
   0.417239992	   0.216183996	   1.064815979
   0.179095997	   0.291823994	   1.114591978
  -0.013176000	   0.400647992	   1.209751977
  -0.196663996	   0.457255991	   1.272215975
  -0.384055993	   0.446519991	   1.272215975
  -0.577303989	   0.398695992	   1.247815976
  -0.784703985	   0.343063993	   1.248303976
  -0.970143981	   0.274255995	   1.259527976
  -1.165831978	   0.186903996	   1.240007976
  -1.360543974	   0.035135999	   1.151191978
  -1.472783972	  -0.183975996	   1.044319980
  -1.629919969	  -0.402111992	   0.980879981
  -1.830487965	  -0.501175990	   1.053103980
  -2.025199961	  -0.617319988	   1.177055977
  -2.283351956	  -0.760791985	   1.239031976
  -2.501487952	  -0.893039983	   1.218535976
  -2.665943949	  -0.998935981	   1.200967977
  -2.723527947	  -1.097023979	   1.181447977
  -2.719623948	  -1.166319977	   1.214631977
  -2.695711948	  -1.125815978	   1.281975975
  -2.617631949	  -1.030655980	   1.223415976
  -2.499047952	  -0.897431983	   0.977463981
  -2.399495954	  -0.755423985	   0.719311986
  -2.283839956	  -0.565103989	   0.520695990
  -2.200391958	  -0.349895993	   0.421143992
  -2.112063959	  -0.156159997	   0.425535992
  -2.006655961	   0.005856000	   0.530455990
  -1.882703964	   0.173239997	   0.684175987
  -1.746551966	   0.330375994	   0.820815984
  -1.619671969	   0.461159991	   0.898407983
  -1.538663970	   0.585111989	   0.929151982
  -1.455215972	   0.703695986	   0.942815982
  -1.382991973	   0.819351984	   0.899871983
  -1.408855973	   0.894991983	   0.769087985
  -1.519631971	   0.898895983	   0.569983989
  -1.428375972	   0.847167984	   0.394791992
  -1.122399978	   0.765183985	   0.312319994
  -0.619759988	   0.547535989	   0.371367993
   0.098575998	   0.281575995	   0.576815989
   0.911095982	   0.053679999	   0.904263983
   1.790471965	  -0.377711993	   1.185351977
   2.793311946	  -0.982831981	   1.330287974
   3.637063930	  -1.478639971	   1.379087973
   4.004527923	  -1.824143965	   1.203895977
   4.061623922	  -1.961759962	   0.941839982
   4.137751920	  -2.026663961	   0.824719984
   4.362719916	  -1.750943966	   1.194135977
   4.519855913	  -1.254159976	   1.822679965
   4.377847916	  -0.921831982	   2.137439959
   4.087975921	  -0.745663986	   2.030079961
   3.587775931	  -0.545583989	   1.635287968
   3.063175941	  -0.298167994	   1.112639979
   2.614215950	  -0.008296000	   0.731023986
   2.310191955	   0.195687996	   0.579743989
   2.061311960	   0.285479994	   0.508495990
   1.804135965	   0.285479994	   0.446519991
   1.580143970	   0.263031995	   0.444567991
   1.395191973	   0.233751995	   0.505079990
   1.223415976	   0.209839996	   0.571447989
   1.008207981	   0.156647997	   0.581695989
   0.774943985	   0.095159998	   0.537287990
   0.493367990	   0.035623999	   0.481167991
   0.213255996	   0.032207999	   0.433831992
  -0.026839999	  -0.005368000	   0.450423991
  -0.159575997	  -0.031231999	   0.613415988
  -0.226431996	  -0.063927999	   0.849119984
  -0.328423994	  -0.126879998	   0.982831981
  -0.452375991	  -0.206911996	   0.999911981
  -0.650503987	  -0.235703995	   0.956479982
  -0.888159983	  -0.165919997	   0.941839982
  -1.180959977	  -0.039039999	   0.902311983
  -1.566479970	   0.066367999	   0.815935984
  -1.813895965	   0.130783997	   0.840335984
  -1.929551963	   0.145423997	   0.977951981
  -1.879287964	   0.145911997	   1.192183977
  -1.813407965	   0.065879999	   1.388847973
  -1.811943965	  -0.012688000	   1.533783970
  -1.902711963	  -0.058559999	   1.607471969
  -2.015439961	  -0.063927999	   1.656759968
  -2.190631958	  -0.057583999	   1.721175967
  -2.438535953	  -0.008296000	   1.730935967
  -2.643983949	   0.026839999	   1.648951968
  -2.860167945	   0.033671999	   1.462047972
  -3.029015942	   0.097599998	   1.297103975
  -3.050487941	   0.097599998	   1.097511979
  -3.024623942	   0.057583999	   0.886695983
  -2.979727942	   0.010736000	   0.736879986
  -2.873831945	  -0.027327999	   0.640743988
  -2.740119947	  -0.027815999	   0.647087988
  -2.504903952	   0.038063999	   0.712967986
  -2.305311956	   0.103455998	   0.804711984
  -2.087175960	   0.205447996	   0.914999982
  -1.885631964	   0.378687993	   1.047735980
  -1.680183968	   0.514839990	   1.139967978
  -1.380063973	   0.635863988	   1.165343978
  -1.065303979	   0.729071986	   1.127767978
  -0.738343986	   0.756399985	   0.999423981
  -0.321591994	   0.687591987	   0.772015985
   0.194711996	   0.490439991	   0.458231991
   0.865711983	   0.172751997	   0.263031995
   1.545007970	  -0.291823994	   0.203007996
   2.167207958	  -0.866687983	   0.208863996
   2.941663943	  -1.369327974	   0.485559991
   3.732223928	  -1.646023968	   1.094583979
   4.281711917	  -1.854887964	   1.538175970
   4.600863911	  -1.908567963	   1.863183964
   4.720423909	  -1.854887964	   2.037399961
   4.496919913	  -1.661151968	   1.895391963
   4.028927922	  -1.366887974	   1.487911971
   3.458455933	  -1.079455979	   1.023823980
   2.954351943	  -0.718823986	   0.725167986
   2.615191950	  -0.349407993	   0.648551987
   2.388759954	  -0.055631999	   0.707599986
   2.261879956	   0.143959997	   0.838383984
   2.134023959	   0.293775994	   0.952087982
   2.020807961	   0.397719992	   1.083359979
   1.870015964	   0.439199992	   1.189743977
   1.688967967	   0.427975992	   1.252207976
   1.475711972	   0.384055993	   1.234639976
   1.190231977	   0.385519993	   1.171199977
   0.932567982	   0.419679992	   1.108735979
   0.638303988	   0.388935992	   1.032119980
   0.363071993	   0.432367992	   0.972095981
   0.114191998	   0.455791991	   0.946719982
  -0.090279998	   0.460671991	   0.983807981
  -0.199103996	   0.429439992	   1.063839979
  -0.318175994	   0.362095993	   1.135575978
  -0.494343990	   0.348431993	   1.145823978
  -0.679783987	   0.355751993	   1.173151977
  -0.840823984	   0.331351994	   1.152655978
  -0.961359981	   0.303535994	   1.138503978
  -1.103367979	   0.277183995	   1.131183978
  -1.251231976	   0.272303995	   1.170711977
  -1.431303972	   0.266935995	   1.247815976
  -1.583071969	   0.337695993	   1.391775973
  -1.717271967	   0.410895992	   1.551351970
  -1.847567964	   0.511911990	   1.660175968
  -2.080831960	   0.569495989	   1.654319968
  -2.316047955	   0.546071989	   1.560135970
  -2.505879952	   0.492391990	   1.388359973
  -2.657159949	   0.333303994	   1.190231977
  -2.673751948	   0.120535998	   1.077015979
  -2.555167951	  -0.103943998	   1.090679979
  -2.471231952	  -0.283527995	   1.174615977
  -2.406327954	  -0.366487993	   1.212191977
  -2.292135956	  -0.387471993	   1.169247977
  -2.175991958	  -0.342087993	   1.106783979
  -2.103279959	  -0.240583995	   1.069695979
  -2.086199960	  -0.092719998	   1.064815979
  -2.087663960	   0.011712000	   1.023335980
  -2.091079960	   0.101991998	   0.973559981
  -2.059359960	   0.157135997	   0.932079982
  -1.931015963	   0.174703997	   0.905239983
  -1.751431966	   0.167871997	   0.849119984
  -1.530367970	   0.185439996	   0.833503984
  -1.252207976	   0.180559997	   0.813495984
  -0.933543982	   0.174703997	   0.801783985
  -0.617319988	   0.142007997	   0.797391985
  -0.345503993	   0.080031998	   0.784703985
  -0.047823999	  -0.047823999	   0.819839984
   0.300607994	  -0.277671995	   0.798367985
   0.731511986	  -0.516791990	   0.741271986
   1.284903975	  -0.773967985	   0.672951987
   2.001775961	  -1.044319980	   0.583647989
   2.727919947	  -1.320527975	   0.613415988
   3.273503937	  -1.303935975	   0.881815983
   3.661463929	  -1.085311979	   1.476687972
   3.960607924	  -0.937935982	   1.935895963
   3.969879923	  -0.825207984	   2.216983957
   3.867399925	  -0.688079987	   2.179407958
   3.754183928	  -0.615855988	   1.864647964
   3.562887931	  -0.570471989	   1.402511973
   3.267159937	  -0.437735992	   1.011623980
   2.951911943	  -0.278159995	   0.769575985
   2.682047948	  -0.069783999	   0.715895986
   2.400471954	   0.107359998	   0.788119985
   2.175991958	   0.244975995	   0.906215983
   2.032031961	   0.320127994	   1.026263980
   1.892951963	   0.333303994	   1.077503979
   1.735327967	   0.336719994	   1.095559979
   1.554767970	   0.317199994	   1.090679979
   1.308815975	   0.285479994	   1.073111979
   1.021871980	   0.253759995	   0.992103981
   0.696375987	   0.200079996	   0.898895983
   0.406991992	   0.165919997	   0.834479984
   0.081495998	   0.087839998	   0.808127984
  -0.147863997	   0.088327998	   0.834479984
  -0.328911994	   0.105895998	   0.866199983
  -0.499223990	   0.146399997	   0.885719983
  -0.627567988	   0.169823997	   0.842775984
  -0.772503985	   0.150791997	   0.786655985
  -0.896455983	   0.187391996	   0.759815985
  -1.083847979	   0.246927995	   0.806175984
  -1.243423976	   0.389911992	   0.910607982
  -1.482055971	   0.513863990	   1.004303981
  -1.678719968	   0.632935988	   1.115079978
  -1.773391966	   0.584623989	   1.184375977
  -1.782663966	   0.393327992	   1.127279978
  -1.831951965	   0.149815997	   1.068231979
  -1.848055964	  -0.061975999	   1.106783979
  -1.890023964	  -0.236679995	   1.228295976
  -2.025199961	  -0.299631994	   1.367375974
  -2.200879958	  -0.264007995	   1.454239972
  -2.392663954	  -0.145423997	   1.435207972
  -2.475135952	  -0.075639999	   1.315647975
  -2.554679951	  -0.014640000	   1.168759977
  -2.622999949	   0.001952000	   1.023335980
  -2.611287950	   0.016592000	   0.941351982
  -2.521495951	   0.023912000	   0.873519983
  -2.407791954	   0.058559999	   0.833503984
  -2.272615956	   0.112727998	   0.905239983
  -2.097423960	   0.232287996	   1.080919979
  -1.956879962	   0.423095992	   1.281975975
  -1.865623964	   0.581207989	   1.405439973
  -1.759239966	   0.712967986	   1.421055973
  -1.681159968	   0.841311984	   1.355175974
  -1.620159969	   0.958919981	   1.252695976
  -1.552815970	   1.022359980	   1.099463979
  -1.493767971	   1.013087980	   0.894015983
  -1.363959974	   0.922807982	   0.630007988
  -1.102879979	   0.737367986	   0.357215993
  -0.776407985	   0.597799988	   0.195687996
  -0.330863994	   0.403087992	   0.166407997
   0.207399996	  -0.027327999	   0.104431998
   0.939887982	  -0.579743989	   0.032207999
   1.921743963	  -1.103855979	   0.164455997
   2.913359944	  -1.604543969	   0.480191991
   3.655607929	  -1.925159963	   0.858391983
   4.204607919	  -1.870503964	   1.380551973
   4.499847913	  -1.444479972	   1.843175964
   4.559383912	  -1.097999979	   1.983231962
   4.289031917	  -0.938423982	   1.886607964
   3.888383925	  -0.829599984	   1.563063970
   3.542879932	  -0.697839987	   1.190719977
   3.254959937	  -0.430415992	   0.913047982
   3.076839941	  -0.177143997	   0.735903986
   2.874807945	   0.023424000	   0.701743986
   2.648863949	   0.180071997	   0.720775986
   2.396567954	   0.264007995	   0.705647986
   2.095959960	   0.276207995	   0.620247988
   1.833903965	   0.278159995	   0.526551990
   1.640167968	   0.226919996	   0.447007991
   1.387871973	   0.171775997	   0.392351992
   1.117031978	   0.124439998	   0.469943991
   0.847655984	   0.063439999	   0.629031988
   0.615855988	   0.048799999	   0.778847985
   0.441639991	   0.061975999	   0.903287983
   0.186415996	   0.047823999	   0.975511981
  -0.053679999	   0.105407998	   1.044807980
  -0.257663995	   0.240583995	   1.138991978
  -0.463111991	   0.385519993	   1.211215977
  -0.772015985	   0.491903991	   1.202919977
  -1.130207978	   0.615367988	   1.134599978
  -1.442527972	   0.776407985	   1.097511979
  -1.693359967	   0.877911983	   1.119471978
  -1.829511965	   0.859367983	   1.192671977
  -1.896855963	   0.751519985	   1.300519975
  -1.950535962	   0.656359987	   1.441551972
  -1.999823961	   0.613903988	   1.643095968
  -2.101815959	   0.644647988	   1.852447964
  -2.123775959	   0.560223989	   1.871479964
  -2.189167958	   0.467015991	   1.780223966
  -2.285791956	   0.365023993	   1.575263970
  -2.326783955	   0.230335996	   1.288319975
  -2.222351957	   0.018056000	   0.939887982
  -2.076439960	  -0.180071997	   0.635375988
  -1.882703964	  -0.273767995	   0.467503991
  -1.641143968	  -0.310367994	   0.353311993
  -1.541103970	  -0.244975995	   0.376735993
  -1.463023972	  -0.012688000	   0.579743989
  -1.474735972	   0.264983995	   0.813495984
  -1.506943971	   0.569983989	   1.042855980
  -1.586975969	   0.924759982	   1.262943976
  -1.683599968	   1.155095978	   1.324919974
  -1.729471967	   1.246839976	   1.242935976
  -1.765095966	   1.241959976	   1.118983978
  -1.745087966	   1.141431978	   0.980879981
  -1.684087968	   1.023335980	   0.862783983
  -1.555743970	   0.903775983	   0.779823985
  -1.380063973	   0.794463985	   0.731999986
  -1.144359978	   0.766159985	   0.807151984
  -0.834967984	   0.819839984	   0.986247981
  -0.504103990	   0.838383984	   1.087263979
  -0.026351999	   0.733951986	   1.178519977
   0.405039992	   0.176167997	   1.091655979
   0.900847983	  -0.507031990	   0.827159984
   1.639191968	  -0.994543981	   0.711015986
   2.368751954	  -1.452287972	   0.742247986
   2.937759943	  -1.678231968	   0.891087983
   3.376471935	  -1.607471969	   1.252695976
   3.736615928	  -1.443991972	   1.639191968
   3.913759924	  -1.364447974	   1.810967965
   3.873743925	  -1.209751977	   1.730447967
   3.703919929	  -1.036511980	   1.507431971
   3.412583934	  -0.777383985	   1.257087976
   3.059759941	  -0.448959991	   1.026263980
   2.731335947	  -0.120535998	   0.869615983
   2.550775951	   0.123463998	   0.764695985
   2.332639955	   0.319151994	   0.722239986
   2.071559960	   0.452375991	   0.724191986
   1.867575964	   0.561199989	   0.731999986
   1.674815968	   0.609511988	   0.737367986
   1.491815971	   0.640743988	   0.754447985
   1.312231975	   0.632935988	   0.785191985
   1.110687979	   0.581207989	   0.805687984
   0.904751983	   0.508495990	   0.791047985
   0.699791986	   0.417727992	   0.786167985
   0.453839991	   0.335743994	   0.695887987
   0.268887995	   0.322079994	   0.630983988
   0.083935998	   0.310367994	   0.595847989
  -0.131271997	   0.337207993	   0.630495988
  -0.365023993	   0.378687993	   0.668071987
  -0.585599989	   0.398695992	   0.680759987
  -0.779823985	   0.405039992	   0.719311986
  -0.907679982	   0.448959991	   0.787631985
  -1.015039980	   0.503127990	   0.859855983
  -1.127767978	   0.564127989	   0.955991982
  -1.250743976	   0.633423988	   1.069207979
  -1.399095973	   0.651967987	   1.147287978
  -1.584535969	   0.667095987	   1.195111977
  -1.790959965	   0.694911987	   1.243423976
  -1.916863963	   0.731023986	   1.346879974
  -2.032519961	   0.647087988	   1.585999969
  -1.978839962	   0.430903992	   1.688967967
  -2.119871959	   0.190319996	   1.813895965
  -2.212103957	   0.052215999	   1.883679964
  -2.230647957	  -0.011224000	   1.816823965
  -2.334103955	  -0.059535999	   1.647487968
  -2.440975953	  -0.069295999	   1.494255971
  -2.504415952	   0.042943999	   1.386895973
  -2.521007951	   0.158599997	   1.301983975
  -2.477575952	   0.210327996	   1.238055976
  -2.406815954	   0.272303995	   1.232687976
  -2.290183956	   0.332327994	   1.249279976
  -2.185751958	   0.364535993	   1.245375976
  -2.032519961	   0.383079993	   1.251231976
  -1.833903965	   0.383079993	   1.242935976
  -1.594783969	   0.371367993	   1.207799977
  -1.337607974	   0.343551993	   1.138991978
  -1.034559980	   0.333303994	   1.045295980
  -0.693935987	   0.295727994	   0.949647982
  -0.325495994	   0.207399996	   0.845703984
   0.001464000	   0.046847999	   0.705647986
   0.424071992	  -0.196175996	   0.577303989
   1.034559980	  -0.545583989	   0.529479990
   1.756799966	  -0.922807982	   0.570959989
   2.463911952	  -1.165831978	   0.782751985
   3.136375939	  -1.279535975	   1.159487978
   3.694647929	  -1.245863976	   1.574287970
   4.001599923	  -1.082383979	   1.885143964
   4.003551923	  -0.938911982	   1.962247962
   3.779559927	  -0.827159984	   1.762655966
   3.502863932	  -0.775919985	   1.389823973
   3.137839939	  -0.645135988	   1.079943979
   2.785991946	  -0.398207992	   0.900359983
   2.534183951	  -0.130783997	   0.826183984
   2.339959955	   0.112727998	   0.815447984
   2.136463959	   0.273279995	   0.780311985
   1.959807962	   0.351359993	   0.751519985
   1.768999966	   0.418703992	   0.707599986
   1.570383970	   0.507031990	   0.685151987
   1.379575973	   0.559247989	   0.700279986
   1.156071978	   0.602191988	   0.757375985
   0.883279983	   0.615855988	   0.778359985
   0.658311987	   0.572911989	   0.790559985
   0.419679992	   0.490927991	   0.721263986
   0.222039996	   0.486047991	   0.652455987
   0.000976000	   0.492879990	   0.611463988
  -0.229359996	   0.532407990	   0.618783988
  -0.412359992	   0.579743989	   0.677831987
  -0.589015989	   0.616831988	   0.712479986
  -0.772015985	   0.632447988	   0.744199986
  -0.975511981	   0.675391987	   0.798367985
  -1.200479977	   0.771527985	   0.893039983
  -1.371279974	   0.879863983	   1.013087980
  -1.571359970	   0.975999981	   1.164855978
  -1.706047967	   0.992103981	   1.276119975
  -1.754359966	   0.826183984	   1.260991976
  -1.760215966	   0.612927988	   1.233175976
  -1.721663967	   0.402111992	   1.233663976
  -1.829999965	   0.210327996	   1.268311976
  -1.967127962	   0.117119998	   1.423007973
  -2.009095961	   0.028303999	   1.538663970
  -2.128167959	  -0.025376000	   1.607471969
  -2.178431958	  -0.010248000	   1.607959969
  -2.210151957	  -0.007320000	   1.529391970
  -2.235527957	   0.036599999	   1.402511973
  -2.130607959	   0.074663999	   1.287831975
  -2.061311960	   0.101503998	   1.181447977
  -2.072535960	   0.154695997	   1.130695978
  -2.121823959	   0.249367995	   1.134111978
  -2.156959958	   0.317687994	   1.125815978
  -2.131095959	   0.385031993	   1.088239979
  -2.040327961	   0.433343992	   1.060911980
  -1.892463963	   0.473847991	   1.036511980
  -1.683599968	   0.516791990	   1.020407980
  -1.512311971	   0.562175989	   0.946719982
  -1.353223974	   0.600239988	   0.841799984
  -1.182423977	   0.663191987	   0.750055986
  -1.069207979	   0.670023987	   0.648551987
  -0.913535982	   0.562175989	   0.563151989
  -0.632447988	   0.397231992	   0.511423990
  -0.152255997	   0.167871997	   0.489951991
   0.421631992	  -0.179583997	   0.381127993
   1.075551979	  -0.594383989	   0.310367994
   1.694823967	  -1.039927980	   0.172263997
   2.233087957	  -1.350295974	   0.174703997
   2.673751948	  -1.401047973	   0.475311991
   3.183711939	  -1.408855973	   0.868151983
   3.630719930	  -1.407391973	   1.046759980
   3.750767928	  -1.354199974	   1.101415979
   3.810791926	  -1.239031976	   0.994543981
   3.830311926	  -1.321991974	   0.707599986
   3.646335930	  -1.308815975	   0.582671989
   3.635599930	  -1.190719977	   0.605119988
   3.622911930	  -0.875959983	   0.845215984
   3.495055933	  -0.498735990	   1.056031980
   3.340359936	  -0.223503996	   1.146799978
   3.029991942	  -0.029279999	   1.043831980
   2.694247948	   0.118583998	   0.878887983
   2.378999954	   0.210327996	   0.666119987
   2.031055961	   0.267423995	   0.481655991
   1.788031965	   0.185927996	   0.306463994
   1.521095971	   0.116631998	   0.288895994
   1.296127975	   0.142495997	   0.491903991
   1.055543980	   0.150791997	   0.652943987
   0.769575985	   0.194711996	   0.784215985
   0.454815991	   0.130295997	   0.750543986
   0.154695997	   0.214719996	   0.757863985
  -0.149815997	   0.253271995	   0.699303987
  -0.431391992	   0.308415994	   0.705159986
  -0.677343987	   0.407967992	   0.766647985
  -0.930127982	   0.557295989	   0.923783982
  -1.178031977	   0.767135985	   1.139967978
  -1.355175974	   0.929151982	   1.240495976
  -1.522559971	   0.947695982	   1.243423976
  -1.582583969	   0.845215984	   1.136063978
  -1.626015969	   0.649039987	   1.031143980
  -1.566479970	   0.484583991	   0.957943982
  -1.519631971	   0.348919993	   0.936471982
  -1.575263970	   0.325983994	   1.071647979
  -1.612839969	   0.339159993	   1.223903976
  -1.662127968	   0.395767992	   1.362495974
  -1.770463966	   0.424559992	   1.522071971
  -1.840247964	   0.467503991	   1.663103968
  -1.875871964	   0.456279991	   1.673351968
  -1.911007963	   0.347455993	   1.531831970
  -1.892463963	   0.258151995	   1.301495975
  -1.842199964	   0.160551997	   1.068719979
  -1.769487966	   0.138103997	   0.953551982
  -1.639191968	   0.209351996	   0.948671982
  -1.517191971	   0.333791994	   1.018943980
  -1.439111972	   0.467015991	   1.106783979
  -1.359567974	   0.606095988	   1.199503977
  -1.277583975	   0.813983984	   1.335167974
  -1.307839975	   1.037975980	   1.468391972
  -1.369815974	   1.193647977	   1.474247972
  -1.445943972	   1.286367975	   1.355175974
  -1.503039971	   1.321503974	   1.181447977
  -1.418127973	   1.276607975	   1.015527980
  -1.283439975	   1.184863977	   0.894991983
  -1.111175979	   1.088727979	   0.870103983
  -0.914511982	   0.996007981	   0.924271982
  -0.605607988	   0.881815983	   1.001375981
  -0.299143994	   0.661239987	   1.010159981
   0.139567997	   0.332327994	   0.964287981
   0.634887988	   0.162015997	   0.986247981
   1.001863981	  -0.037575999	   0.947207982
   1.362007974	  -0.492879990	   0.661727987
   1.774855966	  -1.072623979	   0.305487994
   2.184775958	  -1.544031970	   0.185439996
   2.759639947	  -1.930527963	   0.345015993
   3.313519936	  -2.213079957	   0.619271988
   3.660975929	  -2.225767957	   0.958919981
   3.767847927	  -1.981767962	   1.293687975
   3.551663931	  -1.587463969	   1.449359972
   3.182735939	  -1.161927978	   1.400071973
   2.839671945	  -0.735415986	   1.217071977
   2.543943951	  -0.317687994	   1.011135980
   2.337031955	   0.009760000	   0.875959983
   2.201855958	   0.208375996	   0.846191984
   2.071559960	   0.319639994	   0.873519983
   1.937359963	   0.334279994	   0.906703983
   1.823655965	   0.285479994	   0.918415982
   1.567943970	   0.252295995	   0.851071984
   1.261967976	   0.263519995	   0.845215984
   0.973071981	   0.254247995	   0.908167982
   0.691983987	   0.341599993	   0.917439982
   0.404063992	   0.361607993	   0.922319982
   0.120047998	   0.367951993	   0.901335983
  -0.171287997	   0.417239992	   0.870591983
  -0.452375991	   0.479215991	   0.829599984
  -0.767623985	   0.549975989	   0.773479985
  -1.008207981	   0.645135988	   0.794463985
  -1.172663977	   0.730047986	   0.922319982
  -1.380063973	   0.858879983	   1.123863978
  -1.631383969	   1.025775980	   1.423007973
  -1.848543964	   1.114591978	   1.679207968
  -1.970543962	   1.131671978	   1.878799964
  -2.069607960	   1.005279981	   1.979327962
  -2.149639959	   0.820327984	   1.943703962
  -2.234551957	   0.528015990	   1.808527965
  -2.273591956	   0.260103995	   1.625039969
  -2.355575955	   0.014640000	   1.405439973
  -2.423407953	  -0.134687997	   1.127279978
  -2.509783952	  -0.214719996	   0.850095984
  -2.548335951	  -0.137127997	   0.729071986
  -2.566391950	   0.013176000	   0.716871986
  -2.571759950	   0.216183996	   0.691495987
  -2.585423950	   0.386495993	   0.659775987
  -2.649351949	   0.519231990	   0.610487988
  -2.743047947	   0.593407989	   0.559735989
  -2.860655945	   0.623175988	   0.507031990
  -2.959231943	   0.618295988	   0.447495991
  -2.905551944	   0.559735989	   0.421143992
  -2.742559947	   0.505079990	   0.497271990
  -2.565903950	   0.459207991	   0.598775988
  -2.356063955	   0.450423991	   0.653431987
  -2.073511960	   0.408455992	   0.684663987
  -1.742159966	   0.241559995	   0.660263987
  -1.329799974	  -0.012200000	   0.434319992
  -0.740295986	  -0.434807992	   0.165919997
   0.135663997	  -1.002839981	   0.103943998
   1.211703977	  -1.508895971	   0.202031996
   2.289207956	  -1.680671968	   0.724679986
   3.333039936	  -1.609911969	   1.609423969
   4.179231919	  -1.420567973	   2.283351956
   4.599399911	  -1.201943977	   2.423895953
   4.635511911	  -1.003327981	   2.229183957
   4.382239915	  -0.927199982	   2.089615960
   4.098223921	  -1.032119980	   1.731423967
   3.904487925	  -1.091167979	   1.391775973
   3.831775926	  -1.036999980	   1.179983977
   3.652191930	  -0.914023982	   0.916463982
   3.333527936	  -0.760303985	   0.642695988
   3.095383940	  -0.477263991	   0.529967990
   2.820151946	  -0.172263997	   0.543631990
   2.602991950	   0.123951998	   0.624151988
   2.527351951	   0.302559994	   0.670023987
   2.408279954	   0.398207992	   0.687103987
   2.179895958	   0.470919991	   0.671487987
   1.914423963	   0.496783990	   0.669047987
   1.660175968	   0.454327991	   0.683199987
   1.388359973	   0.388447993	   0.691007987
   1.116543978	   0.297679994	   0.700767986
   0.868151983	   0.235703995	   0.710039986
   0.588039989	   0.180559997	   0.758351985
   0.286455994	   0.156159997	   0.749079986
  -0.020984000	   0.180559997	   0.813007984
  -0.311343994	   0.184463996	   0.855463983
  -0.569007989	   0.189343996	   0.831551984
  -0.809591984	   0.250343995	   0.852535984
  -1.028215980	   0.348431993	   0.937447982
  -1.207311977	   0.429927992	   1.036023980
  -1.371279974	   0.445055991	   1.094583979
  -1.521583971	   0.390399992	   1.084823979
  -1.582583969	   0.244975995	   1.100927979
  -1.526951971	   0.122487998	   1.209263977
  -1.486935971	   0.028791999	   1.375671973
  -1.478151971	   0.009272000	   1.545983970
  -1.586487969	   0.072711999	   1.788519965
  -1.746551966	   0.152255997	   2.029591961
  -1.936871963	   0.182023996	   2.124751959
  -2.250167957	   0.167871997	   2.031055961
  -2.586887950	   0.203983996	   1.853423964
  -2.784527946	   0.175679997	   1.645535968
  -2.924095944	   0.096135998	   1.490351971
  -3.048535941	  -0.029279999	   1.297591975
  -3.116855940	  -0.158111997	   1.074087979
  -3.091479940	  -0.248391995	   0.813983984
  -3.064151941	  -0.272303995	   0.639279988
  -3.116367940	  -0.182511996	   0.657335987
  -3.212503938	   0.045383999	   0.870103983
  -3.169559939	   0.317687994	   1.165343978
  -3.026087942	   0.566079989	   1.443991972
  -2.847479945	   0.698815987	   1.611375969
  -2.552239951	   0.827159984	   1.664567968
  -2.238943957	   0.983319981	   1.665543968
  -2.031543961	   1.093607979	   1.571847970
  -1.857815964	   1.154119978	   1.364447974
  -1.511823971	   1.124839978	   0.978439981
  -0.970631981	   1.021871980	   0.496783990
  -0.253759995	   0.750543986	   0.033183999
   0.697351987	   0.273279995	  -0.232775996
   1.714831967	  -0.247903995	  -0.189831996
   2.743535947	  -0.592431989	   0.311831994
   3.663415929	  -0.975023981	   0.893527983
   4.378823915	  -1.451311972	   1.398119973
   4.952711904	  -1.946143962	   1.528415971
   5.460719895	  -2.390711954	   1.371767974
   5.616391892	  -2.666431949	   1.187303977
   5.364095896	  -2.811855946	   0.916463982
   4.811191907	  -2.612263950	   0.801783985
   4.270975918	  -2.151591958	   0.775431985
   3.730759928	  -1.539151970	   0.727119986
   3.208111938	  -0.851559984	   0.625127988
   2.769887947	  -0.252295995	   0.499711990
   2.497095952	   0.140543997	   0.405039992
   2.306775955	   0.365999993	   0.401623992
   2.233087957	   0.444079991	   0.480191991
   2.147199959	   0.489951991	   0.634399988
   1.928087963	   0.546559989	   0.831551984
   1.748991966	   0.558271989	   0.961847981
   1.515239971	   0.502639990	   0.996495981
   1.270263975	   0.428951992	   0.993567981
   1.018455980	   0.328911994	   0.967703981
   0.782751985	   0.220575996	   0.955015982
   0.525575990	   0.135663997	   0.936959982
   0.271815995	   0.058559999	   1.009671981
   0.040991999	  -0.022936000	   1.062375979
  -0.243511995	  -0.041479999	   1.102391979
  -0.532407990	  -0.003416000	   1.115567978
  -0.762255985	   0.061975999	   1.164367978
  -0.985759981	   0.062463999	   1.180471977
  -1.158511978	   0.064415999	   1.144847978
  -1.336631974	   0.099063998	   1.131671978
  -1.501087971	   0.180559997	   1.171199977
  -1.586975969	   0.263519995	   1.262943976
  -1.546471970	   0.299143994	   1.394215973
  -1.542079970	   0.268399995	   1.582095969
  -1.465951972	   0.351359993	   1.754359966
  -1.526951971	   0.331351994	   1.952975962
  -1.703119967	   0.369415993	   2.207223957
  -1.788031965	   0.434807992	   2.413159953
  -1.940775963	   0.404551992	   2.505879952
  -2.155495958	   0.229847996	   2.480503952
  -2.261879956	   0.060999999	   2.373143954
  -2.357039955	  -0.192271996	   2.115479959
  -2.463423952	  -0.247415995	   1.805599965
  -2.452687953	  -0.242535995	   1.428375972
  -2.491239952	  -0.242535995	   1.109223979
  -2.458543953	  -0.143471997	   0.976975981
  -2.420479953	  -0.007320000	   0.939399982
  -2.452687953	   0.218135996	   0.993567981
  -2.561511951	   0.456767991	   1.128255978
  -2.607871950	   0.626591988	   1.273191975
  -2.518079951	   0.747615986	   1.390799973
  -2.356551955	   0.781775985	   1.472783972
  -2.120359959	   0.790071985	   1.503039971
  -1.829511965	   0.792511985	   1.417639973
  -1.512311971	   0.827159984	   1.225855976
  -1.277583975	   0.912071982	   0.996007981
  -1.137039978	   1.047735980	   0.740783986
  -1.019919980	   1.130695978	   0.432855992
  -0.916463982	   1.203407977	   0.158599997
  -0.808127984	   1.121911978	   0.078567998
  -0.374783993	   0.746639986	   0.103455998
   0.598287988	  -0.100527998	   0.023424000
   1.823167965	  -0.975999981	   0.041967999
   3.055367941	  -1.734351967	   0.072223999
   3.951823924	  -2.153055958	   0.116143998
   4.510095913	  -2.333127955	   0.436271992
   4.792647908	  -2.380951954	   0.927687982
   5.002487903	  -2.232111957	   1.362495974
   4.740431909	  -2.338983955	   1.543543970
   4.389559915	  -2.286279956	   1.600639969
   4.297327917	  -1.955903962	   1.606495969
   4.065527922	  -1.443503972	   1.525975971
   3.624863930	  -0.824719984	   1.310279975
   3.130519940	  -0.301583994	   1.073111979
   2.771839947	   0.105895998	   0.921343982
   2.556143951	   0.368927993	   0.896943983
   2.369727954	   0.525575990	   0.925247982
   2.173063958	   0.543631990	   0.940375982
   1.999335961	   0.523135990	   1.027239980
   1.807063965	   0.476775991	   1.156559978
   1.589903969	   0.406991992	   1.179007977
   1.311255975	   0.315735994	   1.100439979
   0.986247981	   0.235215995	   0.979903981
   0.624151988	   0.225455996	   0.817399984
   0.242047995	   0.255711995	   0.750055986
  -0.139567997	   0.316223994	   0.761767985
  -0.371367993	   0.469943991	   0.881815983
  -0.585111989	   0.544607989	   1.026263980
  -0.776407985	   0.552415989	   1.029191980
  -1.017967980	   0.570959989	   1.059935980
  -1.281487975	   0.603167988	   1.075063979
  -1.475711972	   0.670511987	   1.140455978
  -1.685063967	   0.721751986	   1.231711976
  -1.917839963	   0.819351984	   1.337607974
  -2.086687960	   0.898895983	   1.490351971
  -2.143295959	   0.903287983	   1.626991969
  -2.271639956	   0.952087982	   1.724103967
  -2.290671956	   0.791047985	   1.711415967
  -2.300431956	   0.602679988	   1.532807970
  -2.430727953	   0.438711992	   1.823655965
  -2.207711957	   0.281575995	   1.894415963
  -2.056431960	   0.087839998	   1.801207965
  -2.066191960	  -0.099063998	   1.625527969
  -2.039351961	  -0.212279996	   1.344439974
  -2.040815961	  -0.166895997	   1.047247980
  -2.037887961	  -0.061487999	   0.810567984
  -2.042279961	   0.073687999	   0.661239987
  -2.048135960	   0.261567995	   0.631471988
  -2.040815961	   0.479215991	   0.735415986
  -2.010071961	   0.657335987	   0.899871983
  -1.950535962	   0.780799985	   1.074575979
  -1.888071964	   0.897431983	   1.190231977
  -1.876359964	   0.983319981	   1.204383977
  -1.861231964	   1.033583980	   1.136551978
  -1.811943965	   1.053591980	   1.036511980
  -1.736791966	   1.056031980	   0.933055982
  -1.658223968	   1.031143980	   0.778847985
  -1.497671971	   0.970631981	   0.596335988
  -1.229759976	   0.919391982	   0.426023992
  -0.930127982	   0.837895984	   0.257663995
  -0.527527990	   0.674903987	   0.128343998
  -0.039039999	   0.501175990	   0.112239998
   0.598287988	   0.176167997	   0.210327996
   1.421055973	  -0.491903991	   0.369415993
   2.166719958	  -1.239519976	   0.528991990
   2.807463946	  -1.744599966	   0.505079990
   3.114415940	  -2.158911958	   0.039527999
   3.305711936	  -2.472695952	  -0.173727997
   3.716607928	  -2.721575947	   0.242535995
   4.214855919	  -2.784039946	   1.041391980
   4.614527911	  -2.764031947	   1.787055966
   4.743847908	  -2.631783949	   2.043255961
   4.484719913	  -2.403887954	   1.757287966
   3.940111924	  -1.853423964	   1.243423976
   3.407215934	  -1.047735980	   0.867663983
   3.169071939	  -0.361119993	   0.714431986
   2.963623943	   0.128831998	   0.785191985
   2.787943946	   0.381127993	   0.975511981
   2.667407949	   0.367463993	   1.025287980
   2.377047954	   0.325495994	   0.868639983
   1.997871961	   0.374295993	   0.674903987
   1.648951968	   0.495319990	   0.554367989
   1.354687974	   0.553879989	   0.589015989
   1.083359979	   0.575839989	   0.696375987
   0.908655982	   0.565103989	   0.817399984
   0.658799987	   0.574863989	   0.860343983
   0.214231996	   0.529479990	   0.749079986
  -0.055631999	   0.620735988	   0.784703985
  -0.260591995	   0.625127988	   0.850583984
  -0.486535991	   0.560223989	   0.870591983
  -0.882303983	   0.567055989	   1.139967978
  -1.198527977	   0.628055988	   1.466439972
  -1.399095973	   0.662703987	   1.682135968
  -1.731423967	   0.769575985	   1.595271969
  -2.230159957	   0.850095984	   1.347367974
  -2.411207953	   0.818375984	   1.247327976
  -2.381439954	   0.783727985	   1.395191973
  -2.368263954	   0.846191984	   1.606007969
  -2.423407953	   0.739319986	   1.725079967
  -2.683999948	   0.793975985	   2.020319961
  -2.982655942	   0.887671983	   2.485871952
  -2.948007943	   0.945255982	   2.561999951
  -3.082695941	   0.824231984	   2.338007955
  -3.234951938	   0.604631988	   1.856839964
  -3.224703938	   0.331351994	   1.179983977
  -3.162239939	   0.085887998	   0.552415989
  -3.172975939	  -0.042455999	   0.134687997
  -3.106607940	  -0.151279997	  -0.079055998
  -2.845039945	  -0.096623998	   0.000976000
  -2.565903950	   0.154695997	   0.413823992
  -2.307263955	   0.437247992	   0.916463982
  -2.021295961	   0.731023986	   1.420567973
  -1.706047967	   1.115567978	   1.861719964
  -1.529391970	   1.471319972	   2.137927959
  -1.513775971	   1.694823967	   2.109135959
  -1.476687972	   1.769975966	   1.731911967
  -1.306375975	   1.684575967	   1.127767978
  -1.072623979	   1.532807970	   0.526063990
  -0.726143986	   1.250743976	   0.064415999
  -0.085399998	   0.894991983	  -0.222039996
   0.826183984	   0.450423991	  -0.140055997
   1.939799963	  -0.070759999	   0.270351995
   3.117831940	  -0.722239986	   0.773967985
   4.276343917	  -1.480103971	   1.231711976
   5.139615901	  -1.769975966	   1.513775971
   5.579791892	  -1.867087964	   1.495231971
   5.793535888	  -1.906127963	   1.431791972
   5.558807893	  -2.059359960	   1.451799972
   5.028351903	  -2.339959955	   1.221463976
   4.194847919	  -2.526863951	   0.860343983
   3.533607932	  -2.336055955	   0.560223989
   3.192495938	  -1.687503967	   0.366975993
   2.899695944	  -0.944279982	   0.302559994
   2.628855949	  -0.254735995	   0.400159992
   2.618119949	   0.345991993	   0.736879986
   2.556143951	   0.766159985	   1.082871979
   2.395591954	   0.933055982	   1.219023976
   2.238455957	   0.963799981	   1.224391976
   2.060823960	   0.907191982	   1.154607978
   1.873919964	   0.818375984	   1.065303979
   1.690919967	   0.758839985	   1.061399980
   1.554279970	   0.782751985	   1.187791977
   1.371279974	   0.773967985	   1.255623976
   0.962823981	   0.693935987	   1.290271975
   0.458231991	   0.678807987	   1.331263974
   0.126391998	   0.745175986	   1.345903974
  -0.088815998	   0.768599985	   1.395191973
  -0.190807996	   0.696375987	   1.160463978
  -0.364047993	   0.636839988	   1.134111978
  -0.395279992	   0.450423991	   0.936959982
  -0.483119991	   0.302071994	   0.709551986
  -0.634887988	   0.194223996	   0.632935988
  -0.842287984	   0.202031996	   0.680759987
  -1.133135978	   0.352823993	   0.830087984
  -1.328823974	   0.577303989	   1.069695979
  -1.625527969	   0.815447984	   1.544031970
  -1.655783968	   0.967215981	   1.705071967
  -1.704583967	   0.731023986	   1.941263963
  -1.828047965	   0.404063992	   2.212103957
  -1.596735969	   0.245463995	   2.471231952
  -1.465463972	  -0.172263997	   2.288231956
  -1.695799967	  -0.448959991	   2.012511961
  -1.965175962	  -0.609023988	   1.582095969
  -2.203319957	  -0.692959987	   1.041879980
  -2.614703950	  -0.660263987	   0.491903991
  -3.092943940	  -0.559247989	   0.135663997
  -3.222751938	  -0.385031993	   0.150303997
  -3.132959940	  -0.103455998	   0.435295992
  -3.023159942	   0.234727995	   0.751031986
  -2.834303945	   0.477751991	   0.914023982
  -2.654719949	   0.582671989	   1.024311980
  -2.540527951	   0.605607988	   1.108735979
  -2.411207953	   0.585111989	   1.071159979
  -2.292135956	   0.547047989	   1.064815979
  -2.205759957	   0.500199990	   1.091167979
  -2.190631958	   0.522159990	   1.207311977
  -2.228207957	   0.635375988	   1.382503973
  -2.300919956	   0.698327987	   1.523047971
  -2.256999956	   0.695887987	   1.595271969
  -2.103279959	   0.687103987	   1.687015967
  -1.771439966	   0.762255985	   1.695311967
  -1.401535973	   0.766159985	   1.617231969
  -1.112151979	   0.686127987	   1.428863972
  -0.714919986	   0.489463991	   0.934031982
  -0.281575995	   0.253759995	   0.438223992
   0.099551998	   0.027815999	   0.026839999
   0.612439988	  -0.326959994	  -0.110775998
   1.341999974	  -0.719799986	   0.050263999
   2.157935958	  -1.131671978	   0.418215992
   3.041215941	  -1.417639973	   1.000399981
   3.977687923	  -1.535735970	   1.690919967
   4.569143912	  -1.354199974	   2.137927959
   4.672599910	  -1.070671979	   2.141831959
   4.698951909	  -0.944279982	   1.906615963
   4.739455909	  -0.996983981	   1.633823968
   4.478375914	  -0.916951982	   1.517679971
   4.074311921	  -0.847167984	   1.432279972
   3.748327928	  -0.742247986	   1.320039975
   3.665367929	  -0.484583991	   1.179007977
   3.518967932	  -0.273767995	   0.974047981
   3.294975936	  -0.062463999	   0.827647984
   3.063663941	   0.152743997	   0.690519987
   2.897743944	   0.306951994	   0.636839988
   2.770375947	   0.380639993	   0.583647989
   2.629343949	   0.406503992	   0.528503990
   2.446831953	   0.402111992	   0.542655990
   2.195023958	   0.417727992	   0.616343988
   1.951023962	   0.411871992	   0.751031986
   1.706047967	   0.379175993	   0.827159984
   1.541103970	   0.223991996	   0.782751985
   1.227807976	   0.113703998	   0.621711988
   0.676855987	   0.072711999	   0.553879989
   0.260591995	   0.046847999	   0.603655988
  -0.020496000	   0.098087998	   0.656359987
  -0.194711996	   0.173727997	   0.687103987
  -0.360143993	   0.139079997	   0.778359985
  -0.435295992	   0.145911997	   0.975511981
  -0.585599989	   0.172263997	   1.142407978
  -0.852535984	   0.195199996	   1.223415976
  -1.125815978	   0.290359994	   1.282951975
  -1.378599973	   0.542167990	   1.558183970
  -1.509383971	   0.680759987	   2.028127961
  -1.402511973	   0.439687992	   2.167695958
  -1.445943972	  -0.181535996	   1.827071965
  -1.550375970	  -0.816423984	   1.368351974
  -1.724103967	  -1.348831974	   0.983319981
  -1.867087964	  -1.445943972	   0.953063982
  -1.933943963	  -1.114103978	   1.549399970
  -1.944679962	  -0.986735981	   2.245287957
  -1.923695963	  -0.798367985	   2.746951947
  -2.361919954	  -0.465551991	   2.373631954
  -2.763543947	  -0.008296000	   1.463511972
  -3.110511940	   0.653431987	   1.010159981
  -3.225679938	   1.255623976	   0.900359983
  -3.092455940	   1.437647972	   0.715407986
  -2.881639944	   1.218047976	   0.547047989
  -2.641055949	   0.972095981	   0.528015990
  -2.380951954	   0.877423983	   0.702719986
  -2.087663960	   0.813495984	   0.946719982
  -1.799743965	   0.773967985	   1.199991977
  -1.566479970	   0.718823986	   1.328335974
  -1.474247972	   0.674415987	   1.314671975
  -1.406415973	   0.670511987	   1.252695976
  -1.365911974	   0.748103986	   1.244399976
  -1.356151974	   0.797391985	   1.251231976
  -1.387383973	   0.754447985	   1.260991976
  -1.179007977	   0.528015990	   1.045783980
  -1.054079980	   0.101991998	   0.873031983
  -0.914999982	  -0.206423996	   0.774455985
  -0.714431986	  -0.426999992	   0.759327985
  -0.572911989	  -0.532407990	   0.850583984
  -0.447007991	  -0.483607991	   1.012111980
  -0.385031993	  -0.391375992	   1.116055978
  -0.387471993	  -0.184463996	   1.153631978
  -0.435783992	   0.029279999	   1.110687979
  -0.436271992	   0.236191995	   0.972095981
  -0.250831995	   0.293775994	   0.810567984
   0.086863998	   0.156159997	   0.595359989
   0.571447989	  -0.122487998	   0.495807990
   1.114103978	  -0.482143991	   0.612439988
   1.626991969	  -0.728583986	   0.800807985
   1.983719962	  -0.741271986	   1.039927980
   2.187215958	  -0.609999988	   1.215607977
   2.272127956	  -0.363071993	   1.236103976
   2.333127955	  -0.133223997	   1.148263978
   2.482455952	   0.058559999	   1.120447978
   2.633735949	   0.026351999	   1.140943978
   2.886519944	  -0.305975994	   1.244399976
   3.364271935	  -0.821303984	   1.364935974
   3.645847930	  -1.223903976	   1.402511973
   3.720999928	  -1.370791974	   1.466927972
   3.630231930	  -1.259039976	   1.467903972
   3.349631935	  -0.900847983	   1.395191973
   3.085623940	  -0.486047991	   1.173639977
   2.807463946	  -0.127855998	   0.936471982
   2.545895951	   0.217159996	   0.874007983
   2.293111956	   0.452863991	   0.879375983
   2.161351958	   0.537775990	   0.961359981
   2.094495960	   0.456279991	   0.982831981
   1.956879962	   0.314759994	   0.959895981
   1.827559965	   0.136639997	   0.988687981
   1.674815968	   0.006344000	   1.020407980
   1.410807973	  -0.076127999	   1.023823980
   1.083359979	  -0.059535999	   0.978927981
   0.641719988	  -0.013664000	   0.877423983
   0.250831995	   0.022448000	   0.808615984
  -0.066367999	   0.073199999	   0.759815985
  -0.360143993	   0.166895997	   0.778847985
  -0.615367988	   0.248879995	   0.956479982
  -0.901823983	   0.309879994	   1.111663979
  -1.353223974	   0.368439993	   1.211215977
  -1.752407966	   0.384543993	   1.275631975
  -2.009095961	   0.264007995	   1.325407974
  -2.149639959	   0.048311999	   1.340047974
  -2.185751958	  -0.231799996	   1.310279975
  -2.185263958	  -0.505567990	   1.268799976
  -2.149151959	  -0.714919986	   1.320039975
  -2.195999958	  -0.782751985	   1.457167972
  -2.275543956	  -0.726143986	   1.603567969
  -2.388759954	  -0.653431987	   1.657247968
  -2.602503950	  -0.544119989	   1.614791969
  -2.780135946	  -0.365511993	   1.445455972
  -2.861143945	  -0.222527996	   1.212679977
  -2.789895946	  -0.133223997	   0.990151981
  -2.645935949	  -0.086375998	   0.811055984
  -2.426335953	  -0.088327998	   0.712967986
  -2.131095959	  -0.156647997	   0.655871987
  -1.762655966	  -0.237167995	   0.652943987
  -1.486447971	  -0.240095995	   0.720775986
  -1.284903975	  -0.176655997	   0.829599984
  -1.115079978	  -0.072223999	   0.935983982
  -1.015527980	   0.097111998	   1.065791979
  -0.976975981	   0.277671995	   1.183399977
  -0.987223981	   0.470919991	   1.251231976
  -0.990639981	   0.621223988	   1.254647976
  -1.041391980	   0.747127986	   1.225855976
  -1.053103980	   0.833991984	   1.155583978
  -1.043831980	   0.848631984	   1.052127980
  -1.001863981	   0.822767984	   0.947695982
  -0.911583982	   0.754935985	   0.844239984
  -0.805687984	   0.650991987	   0.746639986
  -0.616343988	   0.568519989	   0.674903987
  -0.381127993	   0.452863991	   0.606095988
  -0.069295999	   0.286943994	   0.587551989
   0.266935995	   0.160551997	   0.588527989
   0.586087989	   0.065391999	   0.610487988
   0.853511984	  -0.044895999	   0.627567988
   1.066279979	  -0.211303996	   0.590479989
   1.367863974	  -0.405039992	   0.547047989
   1.809015965	  -0.587063989	   0.688079987
   2.265295956	  -0.739807986	   0.955503982
   2.725479947	  -0.861319983	   1.280511975
   3.123687940	  -0.959895981	   1.660175968
   3.454063933	  -0.949159982	   1.977375962
   3.627791930	  -0.911583982	   2.077903960
   3.599975931	  -0.791535985	   1.979327962
   3.357439935	  -0.607071988	   1.713367967
   3.026575942	  -0.379663993	   1.369815974
   2.723527947	  -0.095159998	   1.090191979
   2.492703952	   0.144935997	   0.933543982
   2.367287954	   0.333791994	   0.876447983
   2.233087957	   0.413335992	   0.813007984
   2.105719959	   0.411871992	   0.774943985
   2.004215961	   0.335255994	   0.803735984
   1.896367963	   0.228383996	   0.832039984
   1.721663967	   0.164943997	   0.814471984
   1.467415972	   0.172751997	   0.772991985
   1.181447977	   0.183487996	   0.727119986
   0.904751983	   0.198127996	   0.677343987
   0.660751987	   0.172263997	   0.751519985
   0.429927992	   0.111751998	   0.836431984
   0.152743997	   0.088815998	   0.935495982
  -0.174703997	   0.085887998	   1.074087979
  -0.446519991	   0.152743997	   1.198527977
  -0.719799986	   0.258151995	   1.283927975
  -1.098975979	   0.398695992	   1.314671975
  -1.382503973	   0.565103989	   1.360055974
  -1.597223969	   0.654407987	   1.396167973
  -1.783639966	   0.707111986	   1.476687972
  -1.925647963	   0.667095987	   1.600639969
  -2.019831961	   0.528991990	   1.706047967
  -2.121823959	   0.288407994	   1.886607964
  -2.181847958	  -0.020496000	   2.032519961
  -2.281887956	  -0.363071993	   1.994943962
  -2.412671953	  -0.685151987	   1.807551965
  -2.540527951	  -0.946231982	   1.541103970
  -2.631295949	  -1.032607980	   1.258063976
  -2.637639949	  -1.027239980	   1.005767981
  -2.578103950	  -0.901335983	   0.897919983
  -2.470255952	  -0.669047987	   0.997471981
  -2.242847957	  -0.423095992	   0.960871981
  -2.037887961	  -0.224967996	   0.820815984
  -1.853911964	  -0.050751999	   0.692471987
  -1.631871969	   0.104431998	   0.635375988
  -1.455703972	   0.264983995	   0.640743988
  -1.368351974	   0.434319992	   0.661727987
  -1.386407973	   0.634887988	   0.734927986
  -1.475711972	   0.822279984	   0.829599984
  -1.549399970	   0.983319981	   0.898895983
  -1.599175969	   1.088727979	   0.916463982
  -1.592831969	   1.162415978	   0.905239983
  -1.564527970	   1.156559978	   0.892551983
  -1.501575971	   1.112639979	   0.922807982
  -1.418127973	   1.047735980	   0.979903981
  -1.286855975	   0.959895981	   0.997959981
  -1.108735979	   0.842775984	   0.929639982
  -0.930127982	   0.753471985	   0.831063984
  -0.692471987	   0.666607987	   0.761279985
  -0.331351994	   0.551927989	   0.611951988
   0.105895998	   0.337695993	   0.353799993
   0.734927986	  -0.040991999	   0.170799997
   1.367863974	  -0.487023991	   0.101991998
   1.965175962	  -0.955503982	   0.205935996
