Time	A_x [g]	A_y [g]	A_z [g]
 107.668720000	   0.162991997	   0.079543998	   0.987711981
 107.677334000	   0.166895997	   0.079543998	   0.991615981
 107.685948000	   0.177143997	   0.086375998	   0.982343981
 107.694562000	   0.183975996	   0.092719998	   0.992591981
 107.703176000	   0.193247996	   0.098087998	   1.003815981
 107.711790000	   0.199591996	   0.103943998	   1.000399981
 107.720404000	   0.197639996	   0.108335998	   1.003815981
 107.729018000	   0.190319996	   0.102967998	   1.007231981
 107.737632000	   0.183975996	   0.089791998	   0.990639981
 107.746246000	   0.181535996	   0.079543998	   0.971607981
 107.754860000	   0.181535996	   0.067831999	   0.959407981
 107.763474000	   0.189831996	   0.064903999	   0.963799981
 107.772088000	   0.201543996	   0.071735999	   0.953551982
 107.780702000	   0.209351996	   0.078079998	   0.959407981
 107.789316000	   0.210815996	   0.086863998	   0.972095981
 107.797930000	   0.215207996	   0.092719998	   0.983319981
 107.806544000	   0.222527996	   0.101015998	   0.977463981
 107.815158000	   0.229847996	   0.103455998	   0.970143981
 107.823772000	   0.234727995	   0.107359998	   0.969655981
 107.832386000	   0.232287996	   0.109799998	   0.979903981
 107.841000000	   0.228383996	   0.106383998	   0.973559981
 107.849614000	   0.223015996	   0.102479998	   0.972095981
 107.858228000	   0.218135996	   0.102967998	   0.977951981
 107.866842000	   0.213255996	   0.100039998	   0.977463981
 107.875456000	   0.211303996	   0.107847998	   0.982343981
 107.884070000	   0.208863996	   0.119559998	   0.995031981
 107.892684000	   0.206423996	   0.121999998	   0.995031981
 107.901298000	   0.210815996	   0.115167998	   0.986735981
 107.909912000	   0.215695996	   0.110287998	   0.985759981
 107.918526000	   0.219599996	   0.110775998	   0.999911981
 107.927140000	   0.216183996	   0.111263998	   0.994543981
 107.935754000	   0.218135996	   0.113703998	   0.982343981
 107.944368000	   0.219599996	   0.106383998	   0.978439981
 107.952982000	   0.203495996	   0.081007998	   0.981855981
 107.961596000	   0.182999996	   0.056607999	   0.989175981
 107.970210000	   0.163479997	   0.020984000	   0.981855981
 107.978824000	   0.138591997	  -0.034647999	   0.978439981
 107.987438000	   0.104431998	  -0.108335998	   0.987223981
 107.996052000	   0.055143999	  -0.169335997	   0.969167981
 108.004666000	   0.078079998	  -0.221063996	   0.985271981
 108.013280000	   0.067831999	  -0.231311996	   1.051151980
 108.021894000	   0.065879999	  -0.292311994	   1.033583980
 108.030508000	   0.102967998	  -0.301583994	   1.098975979
 108.039122000	   0.109799998	  -0.328911994	   1.133623978
 108.047736000	   0.103943998	  -0.380639993	   1.165343978
 108.056350000	   0.108823998	  -0.438223992	   1.207799977
 108.064964000	   0.086863998	  -0.485559991	   1.254647976
 108.073578000	   0.044895999	  -0.549975989	   1.253671976
 108.082192000	   0.011712000	  -0.646599988	   1.193159977
 108.090806000	  -0.013176000	  -0.689543987	   1.138991978
 108.099420000	   0.017568000	  -0.670023987	   1.029679980
 108.108034000	   0.082471998	  -0.576327989	   0.928663982
 108.116648000	   0.147375997	  -0.512887990	   0.906215983
 108.125262000	   0.163479997	  -0.504103990	   0.963799981
 108.133876000	   0.162015997	  -0.451887991	   1.034071980
 108.142490000	   0.151279997	  -0.399183992	   1.078967979
 108.151104000	   0.118095998	  -0.353311993	   1.088239979
 108.159718000	   0.101503998	  -0.247415995	   1.064815979
 108.168332000	   0.086863998	  -0.134687997	   1.077991979
 108.176946000	   0.044895999	  -0.060023999	   1.165343978
 108.185560000	   0.001464000	   0.043919999	   1.172663977
 108.194174000	  -0.029279999	   0.110287998	   1.208775977
 108.202788000	  -0.013664000	   0.136639997	   1.140455978
 108.211402000	   0.030743999	   0.142007997	   1.017479980
 108.220016000	   0.091255998	   0.183487996	   0.920367982
 108.228630000	   0.222039996	   0.275231995	   0.788607985
 108.237244000	   0.338183993	   0.342087993	   0.719311986
 108.245858000	   0.401623992	   0.393815992	   0.740783986
 108.254472000	   0.408943992	   0.499711990	   0.777383985
 108.263086000	   0.503615990	   0.690519987	   0.665631987
 108.271700000	   0.536799990	   0.841311984	   0.549487989
 108.280314000	   0.486047991	   0.976975981	   0.714431986
 108.288928000	   0.400159992	   1.118983978	   0.853999984
 108.297542000	   0.356239993	   1.227807976	   0.943303982
 108.306156000	   0.350871993	   1.350783974	   1.077015979
 108.314770000	   0.397231992	   1.492303971	   1.174127977
 108.323384000	   0.427975992	   1.573799970	   1.193647977
 108.331998000	   0.428951992	   1.616743969	   1.189743977
 108.340612000	   0.404063992	   1.599175969	   1.204383977
 108.349226000	   0.383567993	   1.547447970	   1.169247977
 108.357840000	   0.328911994	   1.442039972	   1.077015979
 108.366454000	   0.253271995	   1.327847974	   1.031143980
 108.375068000	   0.188367996	   1.203407977	   0.936471982
 108.383682000	   0.162015997	   1.077015979	   0.871567983
 108.392296000	   0.162503997	   0.931591982	   0.794463985
 108.400910000	   0.181535996	   0.801783985	   0.763719985
 108.409524000	   0.196663996	   0.697839987	   0.757375985
 108.418138000	   0.214231996	   0.612439988	   0.732975986
 108.426752000	   0.224479996	   0.531919990	   0.702719986
 108.435366000	   0.237655995	   0.486535991	   0.688567987
 108.443980000	   0.264495995	   0.466039991	   0.691983987
 108.452594000	   0.283527995	   0.447495991	   0.703207986
 108.461208000	   0.299631994	   0.414311992	   0.704671986
 108.469822000	   0.302559994	   0.384055993	   0.720775986
 108.478436000	   0.316711994	   0.326959994	   0.755423985
 108.487050000	   0.320615994	   0.257663995	   0.839847984
 108.495664000	   0.303047994	   0.192271996	   0.894503983
 108.504278000	   0.281087995	   0.128831998	   0.902311983
 108.512892000	   0.252783995	   0.054167999	   0.905727983
 108.521506000	   0.225943996	  -0.003416000	   0.955503982
 108.530120000	   0.210815996	  -0.012200000	   1.034559980
 108.538734000	   0.177631997	  -0.015616000	   1.099951979
 108.547348000	   0.188367996	  -0.022936000	   1.051151980
 108.555962000	   0.172263997	  -0.100039998	   0.964775981
 108.564576000	   0.139567997	  -0.184951996	   0.853999984
 108.573190000	   0.094183998	  -0.270839995	   0.759815985
 108.581804000	   0.025864000	  -0.349407993	   0.723215986
 108.590418000	  -0.077591999	  -0.474823991	   0.763719985
 108.599032000	  -0.154207997	  -0.583159989	   0.874007983
 108.607646000	  -0.212767996	  -0.630983988	   0.963311981
 108.616260000	  -0.243999995	  -0.690519987	   0.973071981
 108.624874000	  -0.227895996	  -0.764207985	   0.967703981
 108.633488000	  -0.167383997	  -0.783727985	   0.992591981
 108.642102000	  -0.110775998	  -0.750055986	   1.070671979
 108.650716000	  -0.080031998	  -0.721263986	   1.164855978
 108.659330000	  -0.067343999	  -0.750543986	   1.254159976
 108.667944000	  -0.045871999	  -0.775431985	   1.316623975
 108.676558000	   0.000976000	  -0.802759985	   1.310279975
 108.685172000	   0.027815999	  -0.840823984	   1.286855975
 108.693786000	   0.048799999	  -0.935983982	   1.187303977
 108.702400000	   0.070759999	  -1.045295980	   1.060423980
 108.711014000	   0.020008000	  -1.112639979	   0.994055981
 108.719628000	  -0.048799999	  -1.161927978	   0.977463981
 108.728242000	  -0.130783997	  -1.187303977	   0.968679981
 108.736856000	  -0.180071997	  -1.208287977	   0.948671982
 108.745470000	  -0.199103996	  -1.189255977	   0.950135982
 108.754084000	  -0.186415996	  -1.157535978	   0.970631981
 108.762698000	  -0.126879998	  -1.116055978	   0.927687982
 108.771312000	  -0.048799999	  -1.059935980	   0.859367983
 108.779926000	   0.020496000	  -0.977951981	   0.848143984
 108.788540000	   0.062463999	  -0.877911983	   0.905239983
 108.797154000	   0.090767998	  -0.797879985	   0.949647982
 108.805768000	   0.100039998	  -0.740295986	   0.972095981
 108.814382000	   0.109311998	  -0.667095987	   0.967703981
 108.822996000	   0.126391998	  -0.593895989	   0.986247981
 108.831610000	   0.105895998	  -0.538263990	   1.034559980
 108.840224000	   0.067831999	  -0.468479991	   1.076527979
 108.848838000	   0.004880000	  -0.404063992	   1.130695978
 108.857452000	  -0.074175999	  -0.332815994	   1.256111976
 108.866066000	  -0.124927998	  -0.199591996	   1.462047972
 108.874680000	  -0.140055997	  -0.089791998	   1.438135972
 108.883294000	  -0.165431997	  -0.097111998	   1.228295976
 108.891908000	  -0.173727997	  -0.077591999	   0.990639981
 108.900522000	  -0.156647997	   0.017080000	   0.727119986
 108.909136000	  -0.114191998	   0.126879998	   0.585599989
 108.917750000	  -0.064903999	   0.152743997	   0.539727990
 108.926364000	  -0.035623999	   0.140055997	   0.491903991
 108.934978000	   0.054167999	   0.241559995	   0.541679990
 108.943592000	  -0.010248000	   0.507031990	   0.702719986
 108.952206000	  -0.047823999	   0.732487986	   0.978439981
 108.960820000	   0.010736000	   0.936959982	   1.265871976
 108.969434000	   0.055143999	   1.128743978	   1.426911972
 108.978048000	   0.127855998	   1.270751975	   1.358591974
 108.986662000	   0.230823996	   1.320039975	   1.237567976
 108.995276000	   0.330863994	   1.361031974	   1.115079978
 109.003890000	   0.439687992	   1.371279974	   1.016991980
 109.012504000	   0.532895990	   1.408855973	   1.004303981
 109.021118000	   0.617319988	   1.491327971	   0.981855981
 109.029732000	   0.682223987	   1.507431971	   0.985759981
 109.038346000	   0.661239987	   1.446919972	   1.045783980
 109.046960000	   0.591943989	   1.353711974	   1.083359979
 109.055574000	   0.500687990	   1.211215977	   1.064815979
 109.064188000	   0.406503992	   1.091655979	   0.995519981
 109.072802000	   0.341599993	   0.976487981	   0.913535982
 109.081416000	   0.256687995	   0.844239984	   0.845703984
 109.090030000	   0.159575997	   0.712967986	   0.766647985
 109.098644000	   0.107847998	   0.600239988	   0.750055986
 109.107258000	   0.094183998	   0.571447989	   0.752983985
 109.115872000	   0.102479998	   0.568519989	   0.742735986
 109.124486000	   0.122487998	   0.546559989	   0.776407985
 109.133100000	   0.117607998	   0.515815990	   0.841799984
 109.141714000	   0.088327998	   0.474335991	   0.912559982
 109.150328000	   0.054655999	   0.432855992	   0.976975981
 109.158942000	   0.028303999	   0.392351992	   1.017967980
 109.167556000	   0.036111999	   0.330863994	   1.015039980
 109.176170000	   0.071247999	   0.271327995	   1.000887981
 109.184784000	   0.114191998	   0.230823996	   0.996495981
 109.193398000	   0.167383997	   0.189831996	   1.007231981
 109.202012000	   0.178607997	   0.144447997	   0.992591981
 109.210626000	   0.166407997	   0.113215998	   0.965263981
 109.219240000	   0.182511996	   0.069295999	   0.904751983
 109.227854000	   0.194711996	   0.004392000	   0.886207983
 109.236468000	   0.195687996	  -0.054167999	   0.906703983
 109.245082000	   0.169335997	  -0.101991998	   0.978927981
 109.253696000	   0.094671998	  -0.136639997	   1.005279981
 109.262310000	   0.049775999	  -0.227895996	   0.969167981
 109.270924000	   0.024888000	  -0.374295993	   0.974047981
 109.279538000	  -0.000976000	  -0.532407990	   0.987223981
 109.288152000	  -0.006344000	  -0.630007988	   1.010647980
 109.296766000	  -0.016104000	  -0.703207986	   1.007719981
 109.305380000	  -0.046847999	  -0.771039985	   0.979903981
 109.313994000	  -0.067831999	  -0.838871984	   0.937935982
 109.322608000	  -0.059047999	  -0.878887983	   0.900359983
 109.331222000	  -0.056119999	  -0.886695983	   0.901823983
 109.339836000	  -0.073687999	  -0.911095982	   0.939399982
 109.348450000	  -0.075151999	  -0.942815982	   0.980879981
 109.357064000	  -0.069783999	  -0.977463981	   1.049199980
 109.365678000	  -0.057095999	  -1.028703980	   1.077015979
 109.374292000	  -0.015128000	  -1.078967979	   1.061887980
 109.382906000	   0.065879999	  -1.112639979	   1.061887980
 109.391520000	   0.146399997	  -1.124351978	   1.021871980
 109.400134000	   0.187879996	  -1.146799978	   0.925735982
 109.408748000	   0.198127996	  -1.184863977	   0.871079983
 109.417362000	   0.172751997	  -1.182423977	   0.830087984
 109.425976000	   0.146887997	  -1.168759977	   0.771039985
 109.434590000	   0.093695998	  -1.179495977	   0.744199986
 109.443204000	   0.031231999	  -1.150703978	   0.770551985
 109.451818000	  -0.048311999	  -1.037487980	   0.856927983
 109.460432000	  -0.094183998	  -0.925735982	   0.923295982
 109.469046000	  -0.131271997	  -0.855463983	   0.994055981
 109.477660000	  -0.143959997	  -0.799343985	   1.026263980
 109.486274000	  -0.125903998	  -0.751031986	   1.023335980
 109.494888000	  -0.110287998	  -0.682223987	   1.027727980
 109.503502000	  -0.099063998	  -0.587063989	   1.071647979
 109.512116000	  -0.085887998	  -0.468479991	   1.141431978
 109.520730000	  -0.059535999	  -0.360631993	   1.189255977
 109.529344000	  -0.018056000	  -0.226919996	   1.213655977
 109.537958000	  -0.046847999	  -0.195199996	   1.207311977
 109.546572000	  -0.087839998	  -0.136151997	   1.161439978
 109.555186000	  -0.131271997	  -0.105895998	   1.140943978
 109.563800000	  -0.173727997	  -0.096135998	   1.094095979
 109.572414000	  -0.212279996	  -0.058559999	   1.034071980
 109.581028000	  -0.236191995	   0.019032000	   1.014063980
 109.589642000	  -0.223503996	   0.089303998	   1.022847980
 109.598256000	  -0.197151996	   0.117119998	   0.958431982
 109.606870000	  -0.152255997	   0.146887997	   0.865223983
 109.615484000	  -0.079543998	   0.235703995	   0.853511984
 109.624098000	   0.010736000	   0.399671992	   0.936471982
 109.632712000	   0.094671998	   0.566079989	   0.967703981
 109.641326000	   0.087839998	   0.692471987	   0.894015983
 109.649940000	   0.100527998	   0.781775985	   0.772015985
 109.658554000	   0.118583998	   0.832527984	   0.650015987
 109.667168000	   0.167383997	   0.856927983	   0.491415991
 109.675782000	   0.210327996	   0.925735982	   0.412847992
 109.684396000	   0.210327996	   1.125327978	   0.495319990
 109.693010000	   0.232287996	   1.385919973	   0.695399987
 109.701624000	   0.301583994	   1.602103969	   0.855951983
 109.710238000	   0.401623992	   1.771439966	   0.935007982
 109.718852000	   0.480679991	   1.877823964	   0.999423981
 109.727466000	   0.560223989	   1.936383963	   1.062863979
 109.736080000	   0.635375988	   1.952487962	   1.098487979
 109.744694000	   0.641231988	   1.873919964	   1.121423978
 109.753308000	   0.585599989	   1.734351967	   1.103367979
 109.761922000	   0.494831990	   1.581607969	   1.059447980
 109.770536000	   0.410407992	   1.437159972	   1.003327981
 109.779150000	   0.358679993	   1.287343975	   0.913047982
 109.787764000	   0.334767994	   1.129231978	   0.822767984
 109.796378000	   0.306951994	   0.944767982	   0.724191986
 109.804992000	   0.252295995	   0.780311985	   0.652943987
 109.813606000	   0.181535996	   0.634887988	   0.584623989
 109.822220000	   0.107359998	   0.495807990	   0.584623989
 109.830834000	   0.062951999	   0.393815992	   0.638791988
 109.839448000	   0.025376000	   0.329887994	   0.716383986
 109.848062000	   0.021960000	   0.268399995	   0.798367985
 109.856676000	   0.053679999	   0.184951996	   0.850583984
 109.865290000	   0.083447998	   0.132735997	   0.862783983
 109.873904000	   0.089303998	   0.070271999	   0.838871984
 109.882518000	   0.060511999	  -0.045383999	   0.783727985
 109.891132000	   0.087351998	  -0.171287997	   0.778359985
 109.899746000	   0.091743998	  -0.247903995	   0.874983983
 109.908360000	   0.090767998	  -0.313295994	   0.980879981
 109.916974000	   0.112239998	  -0.390887992	   1.055543980
 109.925588000	   0.137127997	  -0.426023992	   1.057007980
 109.934202000	   0.169823997	  -0.444079991	   1.036999980
 109.942816000	   0.199103996	  -0.508007990	   1.067255979
 109.951430000	   0.160551997	  -0.587063989	   1.102879979
 109.960044000	   0.097599998	  -0.650503987	   1.138015978
 109.968658000	   0.033183999	  -0.730047986	   1.164367978
 109.977272000	   0.000976000	  -0.849607984	   1.148263978
 109.985886000	   0.011712000	  -0.951111982	   1.139479978
 109.994500000	   0.057095999	  -1.027239980	   1.115079978
 110.003114000	   0.135175997	  -1.095559979	   1.049199980
 110.011728000	   0.226919996	  -1.126791978	   0.991615981
 110.020342000	   0.285967994	  -1.118007978	   0.972583981
 110.028956000	   0.319639994	  -1.084335979	   0.990639981
 110.037570000	   0.328911994	  -1.069207979	   0.977463981
 110.046184000	   0.319151994	  -1.082383979	   0.949647982
 110.054798000	   0.280111995	  -1.077991979	   0.932567982
 110.063412000	   0.215207996	  -1.048223980	   0.903775983
 110.072026000	   0.134199997	  -1.025775980	   0.889623983
 110.080640000	   0.075151999	  -1.002839981	   0.877911983
 110.089254000	   0.045383999	  -0.961847981	   0.874983983
 110.097868000	   0.031719999	  -0.901823983	   0.881327983
 110.106482000	   0.019032000	  -0.841799984	   0.891575983
 110.115096000	   0.005368000	  -0.797879985	   0.915487982
 110.123710000	  -0.008296000	  -0.749079986	   0.926223982
 110.132324000	  -0.025376000	  -0.693935987	   0.945255982
 110.140938000	  -0.046847999	  -0.654407987	   0.958431982
 110.149552000	  -0.069295999	  -0.625615988	   0.980391981
 110.158166000	  -0.081495998	  -0.589503989	   1.003815981
 110.166780000	  -0.084423998	  -0.524599990	   1.007231981
 110.175394000	  -0.119071998	  -0.433343992	   1.042855980
 110.184008000	  -0.136639997	  -0.346479993	   1.110687979
 110.192622000	  -0.121511998	  -0.292799994	   1.157047978
 110.201236000	  -0.094183998	  -0.247415995	   1.205359977
 110.209850000	  -0.039527999	  -0.183487996	   1.247327976
 110.218464000	   0.021472000	  -0.143471997	   1.267823976
 110.227078000	   0.092719998	   0.018056000	   1.211703977
 110.235692000	   0.118095998	   0.170311997	   1.159487978
 110.244306000	   0.096623998	   0.287431994	   1.113127979
 110.252920000	   0.000976000	   0.311831994	   1.081407979
 110.261534000	  -0.095647998	   0.310855994	   1.013087980
 110.270148000	  -0.162991997	   0.356239993	   0.896455983
 110.278762000	  -0.208375996	   0.422119992	   0.846679984
 110.287376000	  -0.242535995	   0.537775990	   0.884255983
 110.295990000	  -0.260103995	   0.618295988	   0.877911983
 110.304604000	  -0.261567995	   0.632935988	   0.833015984
 110.313218000	  -0.222527996	   0.678319987	   0.793487985
 110.321832000	  -0.100527998	   0.813007984	   0.770063985
 110.330446000	   0.009760000	   0.951111982	   0.792023985
 110.339060000	   0.085399998	   1.093607979	   0.843751984
 110.347674000	   0.192271996	   1.253671976	   0.910119982
 110.356288000	   0.290847994	   1.349807974	   0.961847981
 110.364902000	   0.381127993	   1.412271973	   0.928663982
 110.373516000	   0.427487992	   1.421055973	   0.831063984
 110.382130000	   0.414311992	   1.465951972	   0.839847984
 110.390744000	   0.396743992	   1.478151971	   0.862783983
 110.399358000	   0.387959993	   1.472295972	   0.896455983
 110.407972000	   0.392839992	   1.469855972	   0.980879981
 110.416586000	   0.378199993	   1.432767972	   1.029679980
 110.425200000	   0.335255994	   1.363471974	   1.029191980
 110.433814000	   0.286943994	   1.261967976	   0.981855981
 110.442428000	   0.248879995	   1.164855978	   0.926223982
 110.451042000	   0.211791996	   1.099463979	   0.906215983
 110.459656000	   0.170799997	   1.031143980	   0.906215983
 110.468270000	   0.168359997	   0.942815982	   0.899383983
 110.476884000	   0.178607997	   0.872543983	   0.886695983
 110.485498000	   0.210815996	   0.813495984	   0.891575983
 110.494112000	   0.250343995	   0.759327985	   0.894991983
 110.502726000	   0.271815995	   0.691007987	   0.882791983
 110.511340000	   0.285967994	   0.612927988	   0.872543983
 110.519954000	   0.267911995	   0.554367989	   0.865711983
 110.528568000	   0.200567996	   0.510447990	   0.883279983
 110.537182000	   0.132735997	   0.456767991	   0.939399982
 110.545796000	   0.068319999	   0.346967993	   0.990639981
 110.554410000	   0.008296000	   0.218623996	   0.963799981
 110.563024000	   0.010736000	   0.066855999	   0.898407983
 110.571638000	  -0.011712000	  -0.049775999	   0.884743983
 110.580252000	  -0.015616000	  -0.206423996	   0.838871984
 110.588866000	  -0.032207999	  -0.352823993	   0.800319985
 110.597480000	  -0.025376000	  -0.502151990	   0.750543986
 110.606094000	   0.001464000	  -0.615855988	   0.712479986
 110.614708000	   0.019520000	  -0.683199987	   0.727607986
 110.623322000	   0.007320000	  -0.707599986	   0.831551984
 110.631936000	  -0.045871999	  -0.709063986	   0.915487982
 110.640550000	  -0.105895998	  -0.714919986	   0.994055981
 110.649164000	  -0.129319998	  -0.783239985	   1.002839981
 110.657778000	  -0.136151997	  -0.908167982	   0.981367981
 110.666392000	  -0.119071998	  -1.035535980	   0.977951981
 110.675006000	  -0.119071998	  -1.123863978	   0.998447981
 110.683620000	  -0.089791998	  -1.192183977	   0.986735981
 110.692234000	  -0.069295999	  -1.218535976	   0.990639981
 110.700848000	  -0.038551999	  -1.250255976	   0.955503982
 110.709462000	  -0.033671999	  -1.274655975	   0.908167982
 110.718076000	  -0.042455999	  -1.339559974	   0.820815984
 110.726690000	  -0.006344000	  -1.346879974	   0.827159984
 110.735304000	   0.030743999	  -1.265871976	   0.904751983
 110.743918000	   0.070759999	  -1.134111978	   1.020407980
 110.752532000	   0.096135998	  -1.005767981	   1.121911978
 110.761146000	   0.083935998	  -0.952575982	   1.132159978
 110.769760000	   0.058071999	  -0.960383981	   1.084823979
 110.778374000	   0.020008000	  -0.973071981	   1.009183981
 110.786988000	  -0.023912000	  -0.959407981	   0.966727981
 110.795602000	  -0.083447998	  -0.921831982	   0.942327982
 110.804216000	  -0.123463998	  -0.905239983	   0.929639982
 110.812830000	  -0.105407998	  -0.889135983	   0.976487981
 110.821444000	  -0.069783999	  -0.851071984	   1.027727980
 110.830058000	  -0.023424000	  -0.785679985	   1.046759980
 110.838672000	   0.010736000	  -0.688079987	   1.044807980
 110.847286000	   0.082471998	  -0.575351989	   1.044807980
 110.855900000	   0.103455998	  -0.462135991	   1.024799980
 110.864514000	   0.104431998	  -0.363559993	   1.030167980
 110.873128000	   0.086863998	  -0.279623995	   1.054567980
 110.881742000	   0.069295999	  -0.213255996	   1.057007980
 110.890356000	   0.026839999	  -0.136639997	   1.068719979
 110.898970000	   0.021960000	  -0.060999999	   1.144847978
 110.907584000	   0.009760000	   0.034647999	   1.219511976
 110.916198000	  -0.025376000	   0.063439999	   1.154607978
 110.924812000	  -0.070271999	   0.154695997	   1.045783980
 110.933426000	  -0.119071998	   0.223015996	   1.005767981
 110.942040000	  -0.145423997	   0.280111995	   1.024311980
 110.950654000	  -0.153719997	   0.373319993	   0.886207983
 110.959268000	  -0.133711997	   0.410895992	   0.703207986
 110.967882000	  -0.110287998	   0.390887992	   0.550463989
 110.976496000	  -0.088327998	   0.391863992	   0.533871990
 110.985110000	  -0.071735999	   0.525575990	   0.599751988
 110.993724000	  -0.020984000	   0.734927986	   0.671975987
 111.002338000	   0.059535999	   0.951599982	   0.744687986
 111.010952000	   0.200079996	   1.293687975	   0.888647983
 111.019566000	   0.374783993	   1.632847968	   1.016015980
 111.028180000	   0.555343989	   1.870503964	   1.113127979
 111.036794000	   0.668559987	   2.004215961	   1.164855978
 111.045408000	   0.718823986	   2.006655961	   1.118007978
 111.054022000	   0.711503986	   1.935895963	   1.028703980
 111.062636000	   0.645623988	   1.845615964	   1.021871980
 111.071250000	   0.570959989	   1.727031967	   1.051151980
 111.079864000	   0.504591990	   1.586487969	   1.010159981
 111.088478000	   0.479215991	   1.462047972	   0.930127982
 111.097092000	   0.439687992	   1.341999974	   0.859367983
 111.105706000	   0.378687993	   1.200967977	   0.797391985
 111.114320000	   0.294263994	   1.049687980	   0.802759985
 111.122934000	   0.256199995	   0.905239983	   0.764207985
 111.131548000	   0.254735995	   0.793487985	   0.685151987
 111.140162000	   0.264007995	   0.705159986	   0.642695988
 111.148776000	   0.242535995	   0.648063987	   0.664167987
 111.157390000	   0.192759996	   0.587551989	   0.720287986
 111.166004000	   0.153231997	   0.518255990	   0.771039985
 111.174618000	   0.148839997	   0.444567991	   0.779335985
 111.183232000	   0.149815997	   0.364047993	   0.797391985
 111.191846000	   0.148351997	   0.305487994	   0.844727984
 111.200460000	   0.152255997	   0.237655995	   0.899871983
 111.209074000	   0.149815997	   0.166407997	   0.961847981
 111.217688000	   0.094671998	   0.077103999	   0.978439981
 111.226302000	   0.057583999	  -0.022448000	   0.916951982
 111.234916000	   0.035135999	  -0.107847998	   0.900847983
 111.243530000	   0.010248000	  -0.210815996	   0.909631982
 111.252144000	  -0.026839999	  -0.337695993	   0.914999982
 111.260758000	  -0.056607999	  -0.434807992	   0.961847981
 111.269372000	  -0.094183998	  -0.516303990	   0.961847981
 111.277986000	  -0.123951998	  -0.607559988	   0.966239981
 111.286600000	  -0.136151997	  -0.702231986	   0.982343981
 111.295214000	  -0.153231997	  -0.773479985	   0.992591981
 111.303828000	  -0.162991997	  -0.847655984	   0.943303982
 111.312442000	  -0.161527997	  -0.947207982	   0.934519982
 111.321056000	  -0.121999998	  -0.998447981	   0.981855981
 111.329670000	  -0.043919999	  -0.977463981	   1.032119980
 111.338284000	   0.035623999	  -0.921831982	   1.097999979
 111.346898000	   0.073687999	  -0.876935983	   1.139479978
 111.355512000	   0.049775999	  -0.889623983	   1.154607978
 111.364126000	  -0.004392000	  -0.928663982	   1.118007978
 111.372740000	  -0.076615999	  -0.978927981	   1.082383979
 111.381354000	  -0.111751998	  -1.018455980	   1.075551979
 111.389968000	  -0.118095998	  -1.054567980	   1.061887980
 111.398582000	  -0.102479998	  -1.063351979	   1.036023980
 111.407196000	  -0.076127999	  -1.034071980	   0.989663981
 111.415810000	  -0.056119999	  -0.957455982	   0.973559981
 111.424424000	  -0.064415999	  -0.872055983	   0.995031981
 111.433038000	  -0.076127999	  -0.829599984	   1.025287980
 111.441652000	  -0.053679999	  -0.813007984	   1.021383980
 111.450266000	  -0.026351999	  -0.769575985	   1.005279981
 111.458880000	  -0.010248000	  -0.695399987	   1.009183981
 111.467494000	  -0.005856000	  -0.620735988	   1.020407980
 111.476108000	  -0.013176000	  -0.553879989	   1.048223980
 111.484722000	  -0.040503999	  -0.489951991	   1.068719979
 111.493336000	  -0.055143999	  -0.465551991	   1.074575979
 111.501950000	  -0.047335999	  -0.456279991	   1.063351979
 111.510564000	  -0.030255999	  -0.443591991	   1.052615980
 111.519178000	   0.002928000	  -0.405039992	   1.074575979
 111.527792000	   0.070271999	  -0.303047994	   1.160463978
 111.536406000	   0.154207997	  -0.176655997	   1.212191977
 111.545020000	   0.198127996	  -0.108335998	   1.217071977
 111.553634000	   0.229847996	  -0.022448000	   1.138991978
 111.562248000	   0.174703997	   0.085887998	   0.967215981
 111.570862000	   0.093207998	   0.065391999	   0.834967984
 111.579476000	   0.012200000	   0.058559999	   0.829111984
 111.588090000	  -0.086375998	   0.117607998	   0.871567983
 111.596704000	  -0.180071997	   0.239119995	   0.920367982
 111.605318000	  -0.221063996	   0.378687993	   0.927199982
 111.613932000	  -0.156159997	   0.514351990	   0.928663982
 111.622546000	  -0.024400000	   0.638791988	   0.874495983
 111.631160000	   0.101503998	   0.756399985	   0.906703983
 111.639774000	   0.215695996	   0.962823981	   0.997959981
 111.648388000	   0.326471994	   1.218047976	   1.106295979
 111.657002000	   0.375271993	   1.341999974	   1.105807979
 111.665616000	   0.366487993	   1.368351974	   1.051639980
 111.674230000	   0.432367992	   1.390311973	   1.044319980
 111.682844000	   0.523135990	   1.381527973	   0.998447981
 111.691458000	   0.579743989	   1.335167974	   0.913047982
 111.700072000	   0.579743989	   1.296127975	   0.939399982
 111.708686000	   0.538263990	   1.290271975	   1.011135980
 111.717300000	   0.528015990	   1.339071974	   1.120447978
 111.725914000	   0.540215990	   1.406903973	   1.199991977
 111.734528000	   0.532407990	   1.416175973	   1.201455977
 111.743142000	   0.487999991	   1.348343974	   1.182911977
 111.751756000	   0.410895992	   1.219511976	   1.140943978
 111.760370000	   0.309879994	   1.081895979	   1.036999980
 111.768984000	   0.243511995	   0.948183982	   0.889623983
 111.777598000	   0.167871997	   0.789095985	   0.816911984
 111.786212000	   0.139079997	   0.697351987	   0.861807983
 111.794826000	   0.121999998	   0.629519988	   0.891087983
 111.803440000	   0.117119998	   0.592431989	   0.925735982
 111.812054000	   0.108823998	   0.570959989	   0.941351982
 111.820668000	   0.122487998	   0.563639989	   0.966239981
 111.829282000	   0.171775997	   0.565591989	   1.011135980
 111.837896000	   0.241071995	   0.559735989	   1.023335980
 111.846510000	   0.281575995	   0.523135990	   0.987223981
 111.855124000	   0.289871994	   0.472871991	   0.929151982
 111.863738000	   0.289871994	   0.413335992	   0.880839983
 111.872352000	   0.282551995	   0.338183993	   0.874007983
 111.880966000	   0.259127995	   0.235215995	   0.911583982
 111.889580000	   0.206911996	   0.137127997	   0.932079982
 111.898194000	   0.144447997	   0.029767999	   0.949647982
 111.906808000	   0.064415999	  -0.118095998	   0.935983982
 111.915422000	  -0.013664000	  -0.273767995	   0.915487982
 111.924036000	  -0.069295999	  -0.436271992	   0.888159983
 111.932650000	  -0.125903998	  -0.570471989	   0.865711983
 111.941264000	  -0.181535996	  -0.666119987	   0.877911983
 111.949878000	  -0.180071997	  -0.734439986	   0.902799983
 111.958492000	  -0.139567997	  -0.807151984	   0.930127982
 111.967106000	  -0.079055998	  -0.881815983	   0.946231982
 111.975720000	  -0.005368000	  -0.930127982	   0.954039982
 111.984334000	   0.014152000	  -0.988687981	   0.945255982
 111.992948000	  -0.022936000	  -1.087263979	   0.897919983
 112.001562000	  -0.039039999	  -1.193647977	   0.884255983
 112.010176000	   0.001464000	  -1.265871976	   0.908167982
 112.018790000	   0.094183998	  -1.296127975	   0.929151982
 112.027404000	   0.208863996	  -1.309791975	   0.918903982
 112.036018000	   0.285967994	  -1.315159975	   0.891087983
 112.044632000	   0.346967993	  -1.305399975	   0.879375983
 112.053246000	   0.364535993	  -1.283927975	   0.877911983
 112.061860000	   0.321103994	  -1.302959975	   0.849607984
 112.070474000	   0.248879995	  -1.351271974	   0.803247984
 112.079088000	   0.164943997	  -1.355663974	   0.730535986
 112.087702000	   0.089791998	  -1.312231975	   0.689543987
 112.096316000	   0.065879999	  -1.213167977	   0.721751986
 112.104930000	   0.069783999	  -1.077991979	   0.756399985
 112.113544000	   0.071247999	  -0.932567982	   0.792023985
 112.122158000	   0.058071999	  -0.788607985	   0.853511984
 112.130772000	   0.046847999	  -0.671487987	   0.904263983
 112.139386000	   0.047823999	  -0.570471989	   0.959407981
 112.148000000	   0.037575999	  -0.485071991	   1.000887981
 112.156613000	   0.041479999	  -0.373319993	   1.039439980
 112.165226000	  -0.020008000	  -0.299143994	   1.067255979
 112.173839000	  -0.047823999	  -0.238631995	   1.013087980
 112.182452000	  -0.068319999	  -0.182023996	   0.921831982
 112.191065000	  -0.076127999	  -0.144447997	   0.871079983
 112.199678000	  -0.064903999	  -0.070759999	   0.884255983
 112.208291000	  -0.072223999	   0.020984000	   0.880839983
 112.216904000	  -0.139567997	   0.096623998	   0.866199983
 112.225517000	  -0.190807996	   0.183975996	   0.911095982
 112.234130000	  -0.198127996	   0.293287994	   0.974535981
 112.242743000	  -0.170311997	   0.381127993	   0.992103981
 112.251356000	  -0.120047998	   0.481167991	   0.973071981
 112.259969000	  -0.063439999	   0.597311988	   0.990639981
 112.268582000	   0.006832000	   0.742735986	   1.052615980
 112.277195000	   0.076127999	   0.914999982	   1.064815979
 112.285808000	   0.120535998	   1.067255979	   1.077503979
 112.294421000	   0.174703997	   1.174615977	   1.044319980
 112.303034000	   0.235215995	   1.285879975	   1.050175980
 112.311647000	   0.284015995	   1.412271973	   1.083847979
 112.320260000	   0.328911994	   1.531343970	   1.144359978
 112.328873000	   0.435295992	   1.648463968	   1.155095978
 112.337486000	   0.546559989	   1.710439967	   1.127767978
 112.346099000	   0.642207988	   1.743135966	   1.061887980
 112.354712000	   0.671487987	   1.735815967	   0.998935981
 112.363325000	   0.603167988	   1.669447968	   0.984783981
 112.371938000	   0.474335991	   1.552815970	   1.044807980
 112.380551000	   0.356727993	   1.394215973	   1.064815979
 112.389164000	   0.252295995	   1.242447976	   0.971119981
 112.397777000	   0.167871997	   1.098487979	   0.845215984
 112.406390000	   0.113703998	   0.960383981	   0.774943985
 112.415003000	   0.102967998	   0.872055983	   0.769575985
 112.423616000	   0.101503998	   0.772991985	   0.737367986
 112.432229000	   0.128831998	   0.657335987	   0.662215987
 112.440842000	   0.155671997	   0.585599989	   0.621711988
 112.449455000	   0.156159997	   0.528991990	   0.649039987
 112.458068000	   0.191295996	   0.473847991	   0.758351985
 112.466681000	   0.197151996	   0.422119992	   0.837895984
 112.475294000	   0.203495996	   0.374783993	   0.898407983
 112.483907000	   0.163967997	   0.344527993	   0.961359981
 112.492520000	   0.105895998	   0.262055995	   0.968679981
 112.501133000	   0.067343999	   0.113215998	   0.939399982
 112.509746000	   0.022936000	  -0.060023999	   0.880839983
 112.518359000	  -0.013176000	  -0.229359996	   0.854487984
 112.526972000	  -0.039527999	  -0.370391993	   0.895967983
 112.535585000	  -0.068807999	  -0.480679991	   0.962823981
 112.544198000	  -0.053679999	  -0.575351989	   1.053103980
 112.552811000	   0.012688000	  -0.592919989	   1.096535979
 112.561424000	   0.001952000	  -0.569495989	   1.093607979
 112.570037000	  -0.085399998	  -0.558271989	   1.127279978
 112.578650000	  -0.225943996	  -0.614391988	   1.183887977
 112.587263000	  -0.360631993	  -0.726631986	   1.181447977
 112.595876000	  -0.408455992	  -0.851559984	   1.146799978
 112.604489000	  -0.396255992	  -0.991615981	   1.111663979
 112.613102000	  -0.363071993	  -1.106295979	   1.082383979
 112.621715000	  -0.298167994	  -1.192183977	   1.039439980
 112.630328000	  -0.212279996	  -1.209263977	   1.016503980
 112.638941000	  -0.117119998	  -1.173639977	   0.969655981
 112.647554000	  -0.035135999	  -1.127767978	   0.897431983
 112.656167000	   0.052215999	  -1.075551979	   0.860831983
 112.664780000	   0.128831998	  -1.029191980	   0.871567983
 112.673393000	   0.156647997	  -1.011135980	   0.887183983
 112.682006000	   0.154695997	  -1.013087980	   0.889135983
 112.690619000	   0.149815997	  -1.000887981	   0.891087983
 112.699232000	   0.114191998	  -0.962823981	   0.890599983
 112.707845000	   0.061487999	  -0.922319982	   0.875959983
 112.716458000	   0.030255999	  -0.880351983	   0.890599983
 112.725071000	   0.013664000	  -0.845703984	   0.923295982
 112.733684000	  -0.007808000	  -0.821791984	   0.956479982
 112.742297000	  -0.035135999	  -0.818375984	   0.967215981
 112.750910000	  -0.078079998	  -0.788119985	   0.976487981
 112.759523000	  -0.112727998	  -0.758839985	   0.920855982
 112.768136000	  -0.140055997	  -0.727607986	   0.903775983
 112.776749000	  -0.158599997	  -0.680271987	   0.925735982
 112.785362000	  -0.162503997	  -0.628543988	   0.946719982
 112.793975000	  -0.146887997	  -0.588039989	   0.951599982
 112.802588000	  -0.119071998	  -0.534359990	   0.954527982
 112.811201000	  -0.084423998	  -0.452375991	   0.972583981
 112.819814000	  -0.038551999	  -0.365511993	   0.979415981
 112.828427000	   0.005368000	  -0.290847994	   0.955503982
 112.837040000	   0.045871999	  -0.245463995	   0.929639982
 112.845653000	   0.095159998	  -0.200567996	   0.923295982
 112.854266000	   0.143471997	  -0.127367998	   0.918903982
 112.862879000	   0.185439996	  -0.041967999	   0.898407983
 112.871492000	   0.207399996	   0.020008000	   0.843751984
 112.880105000	   0.210327996	   0.077591999	   0.765671985
 112.888718000	   0.206423996	   0.173727997	   0.686127987
 112.897331000	   0.193735996	   0.297191994	   0.622687988
 112.905944000	   0.246439995	   0.462135991	   0.572423989
 112.914557000	   0.427487992	   0.746639986	   0.550463989
 112.923170000	   0.392839992	   0.920367982	   0.659775987
 112.931783000	   0.434807992	   1.138991978	   0.876935983
 112.940396000	   0.549975989	   1.343463974	   0.935007982
 112.949009000	   0.609023988	   1.533783970	   0.918903982
 112.957622000	   0.668071987	   1.658711968	   0.905727983
 112.966235000	   0.755911985	   1.720687967	   0.878399983
 112.974848000	   0.833015984	   1.792423965	   0.905239983
 112.983461000	   0.901823983	   1.832927965	   0.946719982
 112.992074000	   0.916463982	   1.863183964	   0.982343981
 113.000687000	   0.896455983	   1.854399964	   1.050663980
 113.009300000	   0.868639983	   1.791935965	   1.108247979
 113.017913000	   0.830575984	   1.673351968	   1.110687979
 113.026526000	   0.748103986	   1.539151970	   1.051151980
 113.035139000	   0.645623988	   1.405927973	   0.955503982
 113.043752000	   0.524111990	   1.281975975	   0.904751983
 113.052365000	   0.418703992	   1.161439978	   0.922807982
 113.060978000	   0.329887994	   1.059935980	   0.897431983
 113.069591000	   0.291335994	   0.962823981	   0.826671984
 113.078204000	   0.260591995	   0.857903983	   0.783239985
 113.086817000	   0.275231995	   0.757375985	   0.762255985
 113.095430000	   0.273767995	   0.686615987	   0.773967985
 113.104043000	   0.284503995	   0.631959988	   0.791535985
 113.112656000	   0.296703994	   0.581207989	   0.875471983
 113.121269000	   0.297191994	   0.529479990	   0.957943982
 113.129882000	   0.273767995	   0.481167991	   0.977463981
 113.138495000	   0.226919996	   0.419679992	   0.962823981
 113.147108000	   0.188367996	   0.330375994	   0.954527982
 113.155721000	   0.143471997	   0.224479996	   0.910607982
 113.164334000	   0.088327998	   0.080519998	   0.863271983
 113.172947000	   0.013664000	  -0.125903998	   0.874495983
 113.181560000	  -0.039039999	  -0.308903994	   0.915975982
 113.190173000	  -0.088327998	  -0.482143991	   0.949647982
 113.198786000	  -0.145911997	  -0.633911988	   0.986247981
 113.207399000	  -0.206911996	  -0.734439986	   1.006255981
 113.216012000	  -0.296215994	  -0.814471984	   1.026751980
 113.224625000	  -0.379663993	  -0.918903982	   1.008207981
 113.233238000	  -0.419679992	  -1.067255979	   0.955015982
 113.241851000	  -0.381615993	  -1.181935977	   0.934519982
 113.250464000	  -0.291335994	  -1.229759976	   0.936959982
 113.259077000	  -0.157623997	  -1.201455977	   0.921343982
 113.267690000	  -0.032695999	  -1.150215978	   0.926223982
 113.276303000	   0.057095999	  -1.131671978	   0.934031982
 113.284916000	   0.107359998	  -1.133623978	   0.940863982
 113.293529000	   0.121511998	  -1.119959978	   0.937935982
 113.302142000	   0.096623998	  -1.118983978	   0.919391982
 113.310755000	   0.043919999	  -1.133623978	   0.909143982
 113.319368000	  -0.035135999	  -1.161439978	   0.901823983
 113.327981000	  -0.103455998	  -1.221951976	   0.894991983
 113.336594000	  -0.147375997	  -1.262455976	   0.869615983
 113.345207000	  -0.181535996	  -1.268799976	   0.838871984
 113.353820000	  -0.216183996	  -1.245375976	   0.810079984
 113.362433000	  -0.245951995	  -1.202919977	   0.811055984
 113.371046000	  -0.249367995	  -1.164855978	   0.808127984
 113.379659000	  -0.234727995	  -1.107271979	   0.797879985
 113.388272000	  -0.213743996	  -1.026751980	   0.783727985
 113.396885000	  -0.184951996	  -0.910607982	   0.823255984
 113.405498000	  -0.178607997	  -0.785191985	   0.871567983
 113.414111000	  -0.162503997	  -0.688079987	   0.859367983
 113.422724000	  -0.095647998	  -0.556807989	   0.895479983
 113.431337000	  -0.036599999	  -0.408943992	   0.913047982
 113.439950000	   0.013664000	  -0.275719995	   0.897431983
 113.448563000	   0.060511999	  -0.126879998	   0.891575983
 113.457176000	   0.102479998	   0.022448000	   0.927687982
 113.465789000	   0.165431997	   0.192271996	   1.009183981
 113.474402000	   0.225455996	   0.363559993	   1.080919979
 113.483015000	   0.249855995	   0.575839989	   1.095559979
 113.491628000	   0.245463995	   0.788607985	   1.076527979
 113.500241000	   0.235703995	   0.926223982	   1.032607980
 113.508854000	   0.221551996	   0.976487981	   0.968191981
 113.517467000	   0.187879996	   0.940863982	   0.854975984
 113.526080000	   0.192271996	   0.884743983	   0.736391986
 113.534693000	   0.213743996	   0.843751984	   0.594383989
 113.543306000	   0.234727995	   0.899383983	   0.591455989
 113.551919000	   0.352823993	   1.072623979	   0.713943986
 113.560532000	   0.532895990	   1.316623975	   0.832039984
 113.569145000	   0.726143986	   1.613815969	   0.880351983
 113.577758000	   0.917439982	   1.897343963	   0.916463982
 113.586371000	   1.093119979	   2.101327959	   0.975511981
 113.594984000	   1.219023976	   2.171599958	   0.956479982
 113.603597000	   1.240007976	   2.108647959	   0.853999984
 113.612210000	   1.154119978	   1.970055962	   0.730047986
 113.620823000	   1.014551980	   1.799743965	   0.650991987
 113.629436000	   0.837407984	   1.620647969	   0.678319987
 113.638049000	   0.659287987	   1.443015972	   0.723215986
 113.646662000	   0.493367990	   1.286367975	   0.728583986
 113.655275000	   0.372831993	   1.127767978	   0.719799986
 113.663888000	   0.287431994	   1.002351981	   0.707599986
 113.672501000	   0.228383996	   0.895479983	   0.667095987
 113.681114000	   0.174703997	   0.793975985	   0.615855988
 113.689727000	   0.099551998	   0.699791986	   0.612439988
 113.698340000	   0.029279999	   0.621711988	   0.658311987
 113.706953000	  -0.017080000	   0.522159990	   0.652455987
 113.715566000	  -0.049287999	   0.408943992	   0.634887988
 113.724179000	  -0.098087998	   0.304511994	   0.626103988
 113.732792000	  -0.158111997	   0.205447996	   0.634399988
 113.741405000	  -0.203007996	   0.102967998	   0.671975987
 113.750018000	  -0.223991996	   0.018056000	   0.721263986
 113.758631000	  -0.218623996	  -0.052703999	   0.753471985
 113.767244000	  -0.200567996	  -0.129807997	   0.749567986
 113.775857000	  -0.189831996	  -0.211303996	   0.762743985
 113.784470000	  -0.197151996	  -0.304999994	   0.809591984
 113.793083000	  -0.201055996	  -0.410407992	   0.845215984
 113.801696000	  -0.203007996	  -0.523135990	   0.865223983
 113.810309000	  -0.209351996	  -0.635375988	   0.877423983
 113.818922000	  -0.219599996	  -0.767135985	   0.864735983
 113.827535000	  -0.246439995	  -0.902799983	   0.877423983
 113.836148000	  -0.348919993	  -1.018943980	   0.920367982
 113.844761000	  -0.506055990	  -1.126791978	   0.931591982
 113.853374000	  -0.691495987	  -1.245863976	   0.894991983
 113.861987000	  -0.848143984	  -1.393239973	   0.864247983
 113.870600000	  -0.936471982	  -1.518655971	   0.875959983
 113.879213000	  -0.951599982	  -1.587951969	   0.923295982
 113.887826000	  -0.871567983	  -1.573799970	   0.930615982
 113.896439000	  -0.739319986	  -1.477663971	   0.897919983
 113.905052000	  -0.596335988	  -1.358591974	   0.887183983
 113.913665000	  -0.474823991	  -1.255135976	   0.899871983
 113.922278000	  -0.373319993	  -1.155583978	   0.903287983
 113.930891000	  -0.302559994	  -1.069207979	   0.887183983
 113.939504000	  -0.273279995	  -0.985271981	   0.883279983
 113.948117000	  -0.273767995	  -0.906215983	   0.912071982
 113.956730000	  -0.303047994	  -0.818863984	   0.962823981
 113.965343000	  -0.325007994	  -0.759327985	   0.908167982
 113.973956000	  -0.332815994	  -0.727607986	   0.877423983
 113.982569000	  -0.355263993	  -0.687103987	   0.890599983
 113.991182000	  -0.379663993	  -0.644647988	   0.915975982
 113.999795000	  -0.368439993	  -0.603655988	   0.921343982
 114.008408000	  -0.352335993	  -0.579255989	   0.910119982
 114.017021000	  -0.318663994	  -0.520207990	   0.903775983
 114.025634000	  -0.287919994	  -0.431391992	   0.890111983
 114.034247000	  -0.261079995	  -0.357703993	   0.883279983
 114.042860000	  -0.220575996	  -0.289383994	   0.892063983
 114.051473000	  -0.146399997	  -0.194223996	   0.917927982
 114.060086000	  -0.072223999	  -0.063927999	   0.874495983
 114.068699000	  -0.030743999	   0.068319999	   0.813983984
 114.077312000	   0.023912000	   0.202031996	   0.763719985
 114.085925000	   0.061975999	   0.341111993	   0.724191986
 114.094538000	   0.081007998	   0.414311992	   0.671975987
 114.103151000	   0.086375998	   0.492391990	   0.624639988
 114.111764000	   0.091255998	   0.538263990	   0.606583988
 114.120377000	   0.126879998	   0.664167987	   0.660751987
 114.128990000	   0.261567995	   0.833015984	   0.727607986
 114.137603000	   0.535335990	   1.072135979	   0.747127986
 114.146216000	   0.847167984	   1.424959973	   0.761279985
 114.154829000	   1.119959978	   1.803647965	   0.792999985
 114.163442000	   1.296127975	   2.110599959	   0.832039984
 114.172055000	   1.291735975	   2.236503957	   0.862295983
 114.180668000	   1.174127977	   2.149151959	   0.880351983
 114.189281000	   1.036511980	   1.984695962	   0.920855982
 114.197894000	   0.899383983	   1.824631965	   0.974047981
 114.206507000	   0.747127986	   1.688479967	   1.012111980
 114.215120000	   0.602679988	   1.594295969	   1.019919980
 114.223733000	   0.499223990	   1.479615971	   1.014063980
 114.232346000	   0.391863992	   1.361031974	   1.030167980
 114.240959000	   0.284503995	   1.200479977	   1.016991980
 114.249572000	   0.211791996	   1.031631980	   0.964775981
 114.258185000	   0.194223996	   0.923783982	   0.874007983
 114.266798000	   0.241559995	   0.848631984	   0.810079984
 114.275411000	   0.253271995	   0.780311985	   0.794463985
 114.284024000	   0.251319995	   0.714431986	   0.786655985
 114.292637000	   0.256199995	   0.644647988	   0.812031984
 114.301250000	   0.274255995	   0.602679988	   0.848143984
 114.309863000	   0.271815995	   0.571935989	   0.857903983
 114.318476000	   0.264983995	   0.509471990	   0.843263984
 114.327089000	   0.225943996	   0.435295992	   0.836919984
 114.335702000	   0.156159997	   0.350383993	   0.814959984
 114.344315000	   0.061487999	   0.245463995	   0.786655985
 114.352928000	   0.026839999	   0.135663997	   0.763719985
 114.361541000	  -0.019520000	   0.035623999	   0.773967985
 114.370154000	  -0.074663999	  -0.086375998	   0.792511985
 114.378767000	  -0.106871998	  -0.182999996	   0.819351984
 114.387380000	  -0.129807997	  -0.266447995	   0.853999984
 114.395993000	  -0.160551997	  -0.357703993	   0.882303983
 114.404606000	  -0.191295996	  -0.463111991	   0.899383983
 114.413219000	  -0.217159996	  -0.567055989	   0.900359983
 114.421832000	  -0.226919996	  -0.649527987	   0.914511982
 114.430445000	  -0.218135996	  -0.703695986	   0.933055982
 114.439058000	  -0.213743996	  -0.759815985	   0.970143981
 114.447671000	  -0.231311996	  -0.828135984	   0.967215981
 114.456284000	  -0.242047995	  -0.896455983	   0.926223982
 114.464897000	  -0.265959995	  -0.954039982	   0.914999982
 114.473510000	  -0.319639994	  -1.005279981	   0.902311983
 114.482123000	  -0.377711993	  -1.066279979	   0.890111983
 114.490736000	  -0.404063992	  -1.116055978	   0.882791983
 114.499349000	  -0.408455992	  -1.135087978	   0.885719983
 114.507962000	  -0.407479992	  -1.137039978	   0.918903982
 114.516575000	  -0.409431992	  -1.111175979	   0.973559981
 114.525188000	  -0.406503992	  -1.072135979	   1.006255981
 114.533801000	  -0.415287992	  -1.053591980	   0.972095981
 114.542414000	  -0.427487992	  -1.047735980	   0.921831982
 114.551027000	  -0.448959991	  -1.028703980	   0.892063983
 114.559640000	  -0.463599991	  -1.010159981	   0.890111983
 114.568253000	  -0.464087991	  -0.967215981	   0.904751983
 114.576866000	  -0.446031991	  -0.900847983	   0.913535982
 114.585479000	  -0.415287992	  -0.820815984	   0.921831982
 114.594092000	  -0.376735993	  -0.748103986	   0.928175982
 114.602705000	  -0.340135993	  -0.695399987	   0.928175982
 114.611318000	  -0.316711994	  -0.657823987	   0.924759982
 114.619931000	  -0.293775994	  -0.613903988	   0.926223982
 114.628544000	  -0.271815995	  -0.563639989	   0.917927982
 114.637157000	  -0.267423995	  -0.510447990	   0.903775983
 114.645770000	  -0.269863995	  -0.456767991	   0.883279983
 114.654383000	  -0.269375995	  -0.394791992	   0.859367983
 114.662996000	  -0.245951995	  -0.331351994	   0.848631984
 114.671609000	  -0.186415996	  -0.241071995	   0.866199983
 114.680222000	  -0.109799998	  -0.113703998	   0.902799983
 114.688835000	  -0.042455999	   0.018056000	   0.935007982
 114.697448000	   0.001952000	   0.136639997	   0.959407981
 114.706061000	   0.048799999	   0.254735995	   1.000399981
 114.714674000	   0.080519998	   0.364047993	   1.034559980
 114.723287000	   0.086375998	   0.462135991	   1.003327981
 114.731900000	   0.067831999	   0.538263990	   0.956479982
 114.740513000	   0.053191999	   0.564615989	   0.903775983
 114.749126000	   0.084911998	   0.568519989	   0.851559984
 114.757739000	   0.147863997	   0.608535988	   0.799343985
 114.766352000	   0.224479996	   0.656359987	   0.751031986
 114.774965000	   0.324031994	   0.737855986	   0.779335985
 114.783578000	   0.450911991	   0.863759983	   0.833991984
 114.792191000	   0.599751988	   1.034071980	   0.860343983
 114.800804000	   0.738831986	   1.220975976	   0.919879982
 114.809417000	   0.841311984	   1.383479973	   0.963799981
 114.818030000	   0.911095982	   1.495719971	   0.953551982
 114.826643000	   0.933543982	   1.554279970	   0.940375982
 114.835256000	   0.954039982	   1.557207970	   0.935983982
 114.843869000	   0.982343981	   1.533783970	   0.941351982
 114.852482000	   0.987711981	   1.484495971	   0.931103982
 114.861095000	   0.947207982	   1.423495973	   0.927199982
 114.869708000	   0.852535984	   1.332727974	   0.936471982
 114.878321000	   0.719799986	   1.209751977	   0.926711982
 114.886934000	   0.596335988	   1.068231979	   0.889623983
 114.895547000	   0.494831990	   0.928175982	   0.819839984
 114.904160000	   0.415287992	   0.789095985	   0.773967985
 114.912773000	   0.344039993	   0.662703987	   0.781287985
 114.921386000	   0.285967994	   0.562663989	   0.808615984
 114.929999000	   0.260103995	   0.487999991	   0.813495984
 114.938612000	   0.249855995	   0.450911991	   0.807151984
 114.947225000	   0.237655995	   0.429927992	   0.792023985
 114.955838000	   0.223991996	   0.423095992	   0.812031984
 114.964451000	   0.188367996	   0.405039992	   0.839359984
 114.973064000	   0.136151997	   0.356239993	   0.843263984
 114.981677000	   0.075639999	   0.307927994	   0.841799984
 114.990290000	   0.024400000	   0.258639995	   0.849607984
 114.998903000	  -0.002440000	   0.204471996	   0.866687983
 115.007516000	  -0.031719999	   0.137615997	   0.893527983
 115.016129000	  -0.052215999	   0.063439999	   0.916951982
 115.024742000	  -0.083935998	  -0.005856000	   0.925247982
 115.033355000	  -0.129807997	  -0.074663999	   0.908655982
 115.041968000	  -0.159575997	  -0.131759997	   0.898895983
 115.050581000	  -0.194711996	  -0.190807996	   0.876935983
 115.059194000	  -0.227895996	  -0.258151995	   0.890599983
 115.067807000	  -0.269863995	  -0.325983994	   0.925735982
 115.076420000	  -0.313783994	  -0.408943992	   0.933055982
 115.085033000	  -0.326471994	  -0.513863990	   0.916463982
 115.093646000	  -0.318663994	  -0.621711988	   0.921831982
 115.102259000	  -0.322567994	  -0.713455986	   0.915487982
 115.110872000	  -0.331839994	  -0.772991985	   0.923295982
 115.119485000	  -0.369415993	  -0.789095985	   0.938911982
 115.128098000	  -0.431879992	  -0.832039984	   0.959407981
 115.136711000	  -0.483607991	  -0.911095982	   0.972095981
 115.145324000	  -0.528991990	  -1.014551980	   0.968679981
 115.153937000	  -0.543143990	  -1.097999979	   0.962823981
 115.162550000	  -0.544607989	  -1.156071978	   0.959895981
 115.171163000	  -0.553391989	  -1.181935977	   0.949647982
 115.179776000	  -0.554855989	  -1.194623977	   0.938911982
 115.188389000	  -0.548511989	  -1.196575977	   0.930615982
 115.197002000	  -0.529967990	  -1.179495977	   0.919391982
 115.205615000	  -0.496295990	  -1.155095978	   0.902799983
 115.214228000	  -0.446031991	  -1.109711979	   0.887183983
 115.222841000	  -0.412359992	  -1.052127980	   0.887183983
 115.231454000	  -0.392839992	  -1.007719981	   0.896943983
 115.240067000	  -0.363559993	  -0.946719982	   0.914999982
 115.248680000	  -0.325495994	  -0.867663983	   0.934519982
 115.257293000	  -0.297679994	  -0.791535985	   0.938423982
 115.265906000	  -0.273767995	  -0.719311986	   0.950135982
 115.274519000	  -0.240583995	  -0.647087988	   0.957943982
 115.283132000	  -0.204471996	  -0.589503989	   0.947695982
 115.291745000	  -0.185927996	  -0.539239990	   0.916951982
 115.300358000	  -0.177143997	  -0.497271990	   0.900359983
 115.308971000	  -0.180559997	  -0.439199992	   0.907679982
 115.317584000	  -0.183487996	  -0.364047993	   0.930615982
 115.326197000	  -0.180559997	  -0.276695995	   0.948183982
 115.334810000	  -0.157135997	  -0.186415996	   0.982343981
 115.343423000	  -0.103455998	  -0.119071998	   0.949647982
 115.352036000	  -0.047823999	  -0.035623999	   0.939887982
 115.360649000	  -0.017080000	   0.055143999	   0.949647982
 115.369262000	   0.023424000	   0.150303997	   0.917439982
 115.377875000	   0.079055998	   0.264007995	   0.894015983
 115.386488000	   0.117119998	   0.359167993	   0.868639983
 115.395101000	   0.162503997	   0.417239992	   0.814959984
 115.403714000	   0.201543996	   0.494831990	   0.802759985
 115.412327000	   0.252783995	   0.581695989	   0.816911984
 115.420940000	   0.361607993	   0.697839987	   0.805199984
 115.429553000	   0.520207990	   0.880351983	   0.814471984
 115.438166000	   0.656359987	   1.086287979	   0.815935984
 115.446779000	   0.763231985	   1.295639975	   0.859367983
 115.455392000	   0.818863984	   1.476687972	   0.932567982
 115.464005000	   0.807151984	   1.548911970	   0.982343981
 115.472618000	   0.754447985	   1.549887970	   1.001863981
 115.481231000	   0.685639987	   1.512799971	   1.014063980
 115.489844000	   0.596335988	   1.397631973	   1.005279981
 115.498457000	   0.531919990	   1.279047975	   0.980879981
 115.507070000	   0.481655991	   1.197063977	   0.954527982
 115.515683000	   0.435783992	   1.146799978	   0.931103982
 115.524296000	   0.380151993	   1.102391979	   0.942815982
 115.532909000	   0.296215994	   1.034559980	   0.966727981
 115.541522000	   0.206911996	   0.943303982	   0.962823981
 115.550135000	   0.112727998	   0.843263984	   0.939399982
 115.558748000	   0.028303999	   0.733463986	   0.908167982
 115.567361000	  -0.021960000	   0.640255988	   0.879375983
 115.575974000	  -0.066367999	   0.555831989	   0.864247983
 115.584587000	  -0.075639999	   0.484095991	   0.882791983
 115.593200000	  -0.086863998	   0.438223992	   0.894503983
 115.601813000	  -0.105895998	   0.400647992	   0.895479983
 115.610426000	  -0.105895998	   0.375759993	   0.914023982
 115.619039000	  -0.102479998	   0.336231994	   0.927687982
 115.627652000	  -0.089303998	   0.304511994	   0.935007982
 115.636265000	  -0.077591999	   0.271815995	   0.950623982
 115.644878000	  -0.061487999	   0.230335996	   0.957943982
 115.653491000	  -0.040503999	   0.190807996	   0.957943982
 115.662104000	  -0.046847999	   0.145423997	   0.940375982
 115.670717000	  -0.051239999	   0.080031998	   0.923783982
 115.679330000	  -0.051239999	  -0.004392000	   0.929639982
 115.687943000	  -0.046847999	  -0.089791998	   0.952575982
 115.696556000	  -0.031719999	  -0.168359997	   0.988199981
 115.705169000	  -0.020008000	  -0.244975995	   1.016991980
 115.713782000	  -0.027815999	  -0.325007994	   1.013087980
 115.722395000	  -0.046847999	  -0.453839991	   0.984295981
 115.731008000	  -0.061975999	  -0.597799988	   0.954039982
 115.739621000	  -0.061487999	  -0.731511986	   0.928175982
 115.748234000	  -0.044407999	  -0.833015984	   0.914999982
 115.756847000	  -0.014152000	  -0.904751983	   0.894503983
 115.765460000	   0.014640000	  -0.934031982	   0.866199983
 115.774073000	   0.058071999	  -0.958919981	   0.846191984
 115.782686000	   0.114191998	  -0.978439981	   0.857415983
 115.791299000	   0.130295997	  -0.987223981	   0.884743983
 115.799912000	   0.134199997	  -1.019919980	   0.910607982
 115.808525000	   0.149815997	  -1.054567980	   0.914999982
 115.817138000	   0.174703997	  -1.077015979	   0.898895983
 115.825751000	   0.221063996	  -1.092143979	   0.871567983
 115.834364000	   0.275719995	  -1.097023979	   0.817887984
 115.842977000	   0.316223994	  -1.092143979	   0.770551985
 115.851590000	   0.323055994	  -1.062863979	   0.766647985
 115.860203000	   0.303047994	  -1.009671981	   0.796415985
 115.868816000	   0.283039995	  -0.945743982	   0.832039984
 115.877429000	   0.265959995	  -0.896943983	   0.823743984
 115.886042000	   0.252783995	  -0.841799984	   0.826183984
 115.894655000	   0.257175995	  -0.775919985	   0.835455984
 115.903268000	   0.257175995	  -0.700767986	   0.853999984
 115.911881000	   0.266935995	  -0.618295988	   0.879863983
 115.920494000	   0.268399995	  -0.524111990	   0.900359983
 115.929107000	   0.240095995	  -0.444567991	   0.918903982
 115.937720000	   0.239119995	  -0.362583993	   0.930127982
 115.946333000	   0.237655995	  -0.296703994	   0.950623982
 115.954946000	   0.217159996	  -0.244487995	   0.942327982
 115.963559000	   0.175191997	  -0.166407997	   0.959407981
 115.972172000	   0.104431998	  -0.104431998	   0.957455982
 115.980785000	   0.010248000	  -0.062463999	   0.985271981
 115.989398000	  -0.100039998	  -0.020008000	   0.957943982
 115.998011000	  -0.176167997	   0.040503999	   0.902799983
 116.006624000	  -0.232287996	   0.120535998	   0.898407983
 116.015237000	  -0.256687995	   0.249855995	   0.916463982
 116.023850000	  -0.193247996	   0.417239992	   0.965263981
 116.032463000	  -0.118583998	   0.613415988	   0.993567981
 116.041076000	  -0.056119999	   0.836919984	   0.995031981
 116.049689000	   0.000976000	   1.068719979	   1.030167980
 116.058302000	   0.076127999	   1.290271975	   1.081407979
 116.066915000	   0.133223997	   1.492303971	   1.104831979
 116.075528000	   0.161527997	   1.663103968	   1.109711979
 116.084141000	   0.190319996	   1.711415967	   1.067255979
 116.092754000	   0.199591996	   1.709951967	   1.018455980
 116.101367000	   0.184463996	   1.695311967	   1.019431980
 116.109980000	   0.241559995	   1.647487968	   1.015527980
 116.118593000	   0.330863994	   1.554767970	   1.042367980
 116.127206000	   0.425535992	   1.497183971	   1.043343980
 116.135819000	   0.480679991	   1.446919972	   0.991615981
 116.144432000	   0.504591990	   1.376647973	   0.923783982
 116.153045000	   0.488975991	   1.247327976	   0.897919983
 116.161658000	   0.438711992	   1.068719979	   0.852047984
 116.170271000	   0.388447993	   0.938911982	   0.757375985
 116.178884000	   0.373319993	   0.837407984	   0.701255986
 116.187497000	   0.327447994	   0.745175986	   0.684175987
 116.196110000	   0.285479994	   0.660263987	   0.698327987
 116.204723000	   0.275719995	   0.574863989	   0.770063985
 116.213336000	   0.269863995	   0.509959990	   0.810079984
 116.221949000	   0.248879995	   0.443103991	   0.831551984
 116.230562000	   0.219111996	   0.371367993	   0.839359984
 116.239175000	   0.170311997	   0.329399994	   0.841799984
 116.247788000	   0.116143998	   0.278159995	   0.857415983
 116.256401000	   0.079055998	   0.192759996	   0.864247983
 116.265014000	   0.070271999	   0.086863998	   0.855951983
 116.273627000	   0.082471998	  -0.020008000	   0.850583984
 116.282240000	   0.072223999	  -0.134199997	   0.845703984
 116.290853000	   0.075639999	  -0.225455996	   0.871079983
 116.299466000	   0.062951999	  -0.269863995	   0.919391982
 116.308079000	   0.036111999	  -0.338183993	   0.950135982
 116.316692000	   0.019520000	  -0.419679992	   0.965751981
 116.325305000	   0.008296000	  -0.488487991	   0.973559981
 116.333918000	  -0.003416000	  -0.558271989	   0.978927981
 116.342531000	  -0.005368000	  -0.600727988	   1.015039980
 116.351144000	  -0.007320000	  -0.641231988	   1.022359980
 116.359757000	   0.013176000	  -0.688567987	   0.981855981
 116.368370000	   0.039039999	  -0.720775986	   0.943791982
 116.376983000	   0.049287999	  -0.747127986	   0.943303982
 116.385596000	   0.038063999	  -0.765671985	   0.971607981
 116.394209000	  -0.002440000	  -0.779335985	   0.976975981
 116.402822000	  -0.060023999	  -0.811543984	   0.969655981
 116.411435000	  -0.140543997	  -0.864735983	   0.970143981
 116.420048000	  -0.185927996	  -0.928175982	   0.967703981
 116.428661000	  -0.208375996	  -0.962823981	   0.985271981
 116.437274000	  -0.220087996	  -0.980391981	   1.017479980
 116.445887000	  -0.229847996	  -0.982343981	   1.014551980
 116.454500000	  -0.229847996	  -0.977463981	   1.006255981
 116.463113000	  -0.213743996	  -0.958431982	   0.959895981
 116.471726000	  -0.200567996	  -0.905239983	   0.909631982
 116.480339000	  -0.192759996	  -0.853511984	   0.910119982
 116.488952000	  -0.177631997	  -0.805687984	   0.940375982
 116.497565000	  -0.159575997	  -0.764695985	   0.970631981
 116.506178000	  -0.142983997	  -0.726143986	   0.980391981
 116.514791000	  -0.106871998	  -0.690031987	   0.969655981
 116.523404000	  -0.073199999	  -0.678319987	   0.946719982
 116.532017000	  -0.060023999	  -0.686127987	   0.927687982
 116.540630000	  -0.068807999	  -0.697351987	   0.917927982
 116.549243000	  -0.080519998	  -0.718823986	   0.910119982
 116.557856000	  -0.090279998	  -0.727607986	   0.894503983
 116.566469000	  -0.081007998	  -0.714919986	   0.860343983
 116.575082000	  -0.056119999	  -0.717359986	   0.854487984
 116.583695000	  -0.010248000	  -0.702231986	   0.873031983
 116.592308000	   0.040503999	  -0.661239987	   0.850095984
 116.600921000	   0.102967998	  -0.568031989	   0.834967984
 116.609534000	   0.186415996	  -0.487999991	   0.837895984
 116.618147000	   0.245463995	  -0.409431992	   0.880839983
 116.626760000	   0.292311994	  -0.342575993	   0.915975982
 116.635373000	   0.343551993	  -0.252295995	   0.932079982
 116.643986000	   0.365023993	  -0.174215997	   0.943303982
 116.652599000	   0.341599993	  -0.096623998	   0.938911982
 116.661212000	   0.282551995	  -0.019520000	   0.939887982
 116.669825000	   0.220087996	   0.018544000	   0.934519982
 116.678438000	   0.190319996	   0.059047999	   0.928175982
 116.687051000	   0.175679997	   0.130295997	   0.950623982
 116.695664000	   0.162503997	   0.227407996	   0.986247981
 116.704277000	   0.177143997	   0.311343994	   1.003327981
 116.712890000	   0.202031996	   0.387471993	   0.996983981
 116.721503000	   0.199591996	   0.503127990	   1.004303981
 116.730116000	   0.185439996	   0.621711988	   1.021383980
 116.738729000	   0.175191997	   0.712479986	   1.029679980
 116.747342000	   0.145423997	   0.770063985	   0.988687981
 116.755955000	   0.152255997	   0.817399984	   0.943303982
 116.764568000	   0.188367996	   0.867175983	   0.917927982
 116.773181000	   0.206423996	   0.935983982	   0.914999982
 116.781794000	   0.225455996	   0.951111982	   0.895479983
 116.790407000	   0.270351995	   1.020895980	   0.912071982
 116.799020000	   0.304023994	   1.097999979	   0.926711982
 116.807633000	   0.318663994	   1.133135978	   0.935983982
 116.816246000	   0.369415993	   1.204383977	   0.966239981
 116.824859000	   0.406015992	   1.232687976	   0.957455982
 116.833472000	   0.443103991	   1.289295975	   0.944767982
 116.842085000	   0.457255991	   1.346391974	   0.943303982
 116.850698000	   0.441639991	   1.343463974	   0.917927982
 116.859311000	   0.408943992	   1.306863975	   0.891087983
 116.867924000	   0.351359993	   1.221951976	   0.906215983
 116.876537000	   0.281087995	   1.110687979	   0.937935982
 116.885150000	   0.223503996	   1.014063980	   0.931591982
 116.893763000	   0.213255996	   0.922319982	   0.870103983
 116.902376000	   0.252295995	   0.833503984	   0.810079984
 116.910989000	   0.302559994	   0.775919985	   0.783727985
 116.919602000	   0.346967993	   0.744199986	   0.808615984
 116.928215000	   0.372343993	   0.706135986	   0.845703984
 116.936828000	   0.371367993	   0.644159988	   0.874007983
 116.945441000	   0.371367993	   0.571447989	   0.870591983
 116.954054000	   0.354775993	   0.490927991	   0.858391983
 116.962667000	   0.310367994	   0.420655992	   0.839359984
 116.971280000	   0.220575996	   0.348431993	   0.825207984
 116.979893000	   0.108823998	   0.237655995	   0.826671984
 116.988506000	  -0.000488000	   0.081007998	   0.859367983
 116.997119000	  -0.090767998	  -0.089303998	   0.873031983
 117.005732000	  -0.163967997	  -0.238143995	   0.873519983
 117.014345000	  -0.210815996	  -0.368439993	   0.893039983
 117.022958000	  -0.236191995	  -0.457743991	   0.921831982
 117.031571000	  -0.258639995	  -0.515327990	   0.951111982
 117.040184000	  -0.255711995	  -0.542167990	   0.962335981
 117.048797000	  -0.229847996	  -0.566567989	   0.955503982
 117.057410000	  -0.196663996	  -0.565103989	   0.944767982
 117.066023000	  -0.172751997	  -0.569007989	   0.955991982
 117.074636000	  -0.143959997	  -0.586087989	   0.989175981
 117.083249000	  -0.105407998	  -0.588039989	   1.018943980
 117.091862000	  -0.080519998	  -0.585599989	   1.029191980
 117.100475000	  -0.090767998	  -0.610487988	   1.032607980
 117.109088000	  -0.104431998	  -0.641231988	   1.043831980
 117.117701000	  -0.121023998	  -0.661727987	   1.051151980
 117.126314000	  -0.146887997	  -0.689543987	   1.039439980
 117.134927000	  -0.172263997	  -0.700279986	   1.017479980
 117.143540000	  -0.202031996	  -0.717847986	   1.024799980
 117.152153000	  -0.234239995	  -0.720775986	   1.031631980
 117.160766000	  -0.256199995	  -0.708575986	   1.020895980
 117.169379000	  -0.264495995	  -0.673439987	   1.006743981
 117.177992000	  -0.264007995	  -0.623663988	   0.995519981
 117.186605000	  -0.254735995	  -0.567543989	   1.010159981
 117.195218000	  -0.238143995	  -0.520695990	   1.023823980
 117.203831000	  -0.214231996	  -0.492391990	   1.035535980
 117.212444000	  -0.187391996	  -0.476775991	   1.041879980
 117.221057000	  -0.166895997	  -0.463599991	   1.036511980
 117.229670000	  -0.160063997	  -0.455303991	   1.007231981
 117.238283000	  -0.174215997	  -0.458231991	   0.989175981
 117.246896000	  -0.230335996	  -0.461159991	   0.996495981
 117.255509000	  -0.297191994	  -0.504591990	   0.992103981
 117.264122000	  -0.347455993	  -0.563151989	   0.981367981
 117.272735000	  -0.370879993	  -0.630983988	   0.956479982
 117.281348000	  -0.342087993	  -0.656359987	   0.921831982
 117.289961000	  -0.278159995	  -0.636351988	   0.887183983
 117.298574000	  -0.206911996	  -0.573399989	   0.874495983
 117.307187000	  -0.153231997	  -0.539239990	   0.871567983
 117.315800000	  -0.098087998	  -0.543631990	   0.841799984
 117.324413000	   0.000000000	  -0.558271989	   0.810079984
 117.333026000	   0.095159998	  -0.549487989	   0.810079984
 117.341639000	   0.204959996	  -0.516303990	   0.818863984
 117.350252000	   0.297191994	  -0.488487991	   0.807151984
 117.358865000	   0.386007993	  -0.439199992	   0.843751984
 117.367478000	   0.421631992	  -0.391863992	   0.877423983
 117.376091000	   0.446519991	  -0.382103993	   0.899383983
 117.384704000	   0.445055991	  -0.342575993	   0.923783982
 117.393317000	   0.433831992	  -0.313783994	   0.937447982
 117.401930000	   0.393815992	  -0.304511994	   0.995519981
 117.410543000	   0.336231994	  -0.311343994	   1.054079980
 117.419156000	   0.281087995	  -0.303535994	   1.090191979
 117.427769000	   0.234727995	  -0.301583994	   1.073599979
 117.436382000	   0.220575996	  -0.304023994	   1.054567980
 117.444995000	   0.231799996	  -0.268887995	   1.016991980
 117.453608000	   0.192271996	  -0.264007995	   0.957943982
 117.462221000	   0.136151997	  -0.232775996	   0.915487982
 117.470834000	   0.068319999	  -0.159575997	   0.929639982
 117.479447000	   0.044407999	  -0.066855999	   0.892551983
 117.488060000	   0.057583999	   0.077591999	   0.893039983
 117.496673000	   0.139079997	   0.279623995	   0.903775983
 117.505286000	   0.277671995	   0.476775991	   0.929639982
 117.513899000	   0.402111992	   0.696375987	   0.958919981
 117.522512000	   0.469455991	   0.914999982	   0.990151981
 117.531125000	   0.503127990	   1.129231978	   0.996983981
 117.539738000	   0.524111990	   1.308327975	   0.959407981
 117.548351000	   0.582183989	   1.400071973	   0.876447983
 117.556964000	   0.643183988	   1.440575972	   0.826671984
 117.565577000	   0.702719986	   1.489375971	   0.845703984
 117.574190000	   0.749079986	   1.513287971	   0.915975982
 117.582803000	   0.794463985	   1.560135970	   0.973071981
 117.591416000	   0.846191984	   1.628455969	   0.984295981
 117.600029000	   0.850583984	   1.620159969	   0.962335981
 117.608642000	   0.789095985	   1.574287970	   0.929639982
 117.617255000	   0.672463987	   1.439599972	   0.896943983
 117.625868000	   0.535335990	   1.249767976	   0.881815983
 117.634481000	   0.376735993	   1.065791979	   0.825695984
 117.643094000	   0.223015996	   0.915975982	   0.756399985
 117.651707000	   0.099063998	   0.771527985	   0.728095986
 117.660320000	   0.001952000	   0.661727987	   0.754447985
 117.668933000	  -0.049287999	   0.559247989	   0.789095985
 117.677546000	  -0.054655999	   0.453351991	   0.782263985
 117.686159000	  -0.023424000	   0.359655993	   0.753471985
 117.694772000	   0.022448000	   0.290847994	   0.722727986
 117.703385000	   0.081007998	   0.239119995	   0.716383986
 117.711998000	   0.149327997	   0.225943996	   0.751031986
 117.720611000	   0.211303996	   0.236191995	   0.793487985
 117.729224000	   0.265959995	   0.235215995	   0.832039984
 117.737837000	   0.298655994	   0.217159996	   0.857415983
 117.746450000	   0.300119994	   0.184951996	   0.847167984
 117.755063000	   0.290847994	   0.138103997	   0.855463983
 117.763676000	   0.268399995	   0.069783999	   0.886207983
 117.772289000	   0.206911996	  -0.009272000	   0.911583982
 117.780902000	   0.118095998	  -0.060023999	   0.916951982
 117.789515000	   0.043431999	  -0.100039998	   0.926223982
 117.798128000	  -0.010736000	  -0.153719997	   0.923295982
 117.806741000	  -0.048311999	  -0.209839996	   0.946231982
 117.815354000	  -0.088815998	  -0.255223995	   0.995519981
 117.823967000	  -0.101503998	  -0.301095994	   1.040903980
 117.832580000	  -0.091743998	  -0.337207993	   1.066279979
 117.841193000	  -0.055143999	  -0.351847993	   1.074087979
 117.849806000	  -0.028791999	  -0.326959994	   1.078967979
 117.858419000	  -0.021472000	  -0.303535994	   1.090679979
 117.867032000	  -0.005856000	  -0.322567994	   1.086287979
 117.875645000	   0.017080000	  -0.348919993	   1.093119979
 117.884258000	   0.040503999	  -0.389911992	   1.089703979
 117.892871000	   0.039039999	  -0.448959991	   1.086775979
 117.901484000	   0.057095999	  -0.499223990	   1.098975979
 117.910097000	   0.087351998	  -0.537775990	   1.093607979
 117.918710000	   0.096623998	  -0.577791989	   1.057495980
 117.927323000	   0.087839998	  -0.619759988	   1.022359980
 117.935936000	   0.078079998	  -0.655383987	   0.996983981
 117.944549000	   0.045871999	  -0.669535987	   0.981855981
 117.953162000	   0.003416000	  -0.713455986	   0.965751981
 117.961775000	  -0.027815999	  -0.764695985	   0.999423981
 117.970388000	  -0.048799999	  -0.805687984	   1.043343980
 117.979001000	  -0.044895999	  -0.836919984	   1.057983980
 117.987614000	  -0.020496000	  -0.852047984	   1.026263980
 117.996227000	   0.010248000	  -0.852047984	   0.971119981
 118.004840000	   0.036599999	  -0.834479984	   0.926711982
 118.013453000	   0.057095999	  -0.803247984	   0.921831982
 118.022066000	   0.065879999	  -0.779335985	   0.930127982
 118.030679000	   0.076127999	  -0.756399985	   0.935495982
 118.039292000	   0.084911998	  -0.752007985	   0.947207982
 118.047905000	   0.077591999	  -0.744687986	   0.936471982
 118.056518000	   0.071735999	  -0.716383986	   0.928175982
 118.065131000	   0.067831999	  -0.698327987	   0.920367982
 118.073744000	   0.078079998	  -0.671487987	   0.926711982
 118.082357000	   0.106871998	  -0.622199988	   0.919391982
 118.090970000	   0.133711997	  -0.567543989	   0.917927982
 118.099583000	   0.162503997	  -0.521671990	   0.900359983
 118.108196000	   0.189831996	  -0.489463991	   0.884255983
 118.116809000	   0.191783996	  -0.460671991	   0.885231983
 118.125422000	   0.179583997	  -0.435295992	   0.875959983
 118.134035000	   0.160551997	  -0.391863992	   0.873031983
 118.142648000	   0.144447997	  -0.331839994	   0.879863983
 118.151261000	   0.146887997	  -0.267423995	   0.917439982
 118.159874000	   0.171775997	  -0.219599996	   0.909631982
 118.168487000	   0.197151996	  -0.178119997	   0.893527983
 118.177100000	   0.232287996	  -0.127367998	   0.898407983
 118.185713000	   0.250831995	  -0.088815998	   0.912559982
 118.194326000	   0.261567995	  -0.010736000	   0.916951982
 118.202939000	   0.258151995	   0.062951999	   0.926223982
 118.211552000	   0.232775996	   0.104431998	   0.935495982
 118.220165000	   0.205935996	   0.142983997	   0.937447982
 118.228778000	   0.191295996	   0.187879996	   0.941351982
 118.237391000	   0.196663996	   0.239119995	   0.947207982
 118.246004000	   0.183487996	   0.271327995	   0.926711982
 118.254617000	   0.154695997	   0.271327995	   0.876935983
 118.263230000	   0.161527997	   0.286455994	   0.857903983
 118.271843000	   0.183487996	   0.316223994	   0.851071984
 118.280456000	   0.222039996	   0.372831993	   0.848143984
 118.289069000	   0.259615995	   0.443103991	   0.860831983
 118.297682000	   0.310367994	   0.535335990	   0.892551983
 118.306295000	   0.350871993	   0.625127988	   0.918903982
 118.314908000	   0.393327992	   0.708087986	   0.935983982
 118.323521000	   0.420167992	   0.777871985	   0.958919981
 118.332134000	   0.418215992	   0.832527984	   0.968679981
 118.340747000	   0.385031993	   0.843263984	   0.934031982
 118.349360000	   0.336231994	   0.818375984	   0.895479983
 118.357973000	   0.294751994	   0.814959984	   0.865711983
 118.366586000	   0.264495995	   0.813983984	   0.881327983
 118.375199000	   0.257663995	   0.867663983	   0.900359983
 118.383812000	   0.264495995	   0.943791982	   0.930615982
 118.392425000	   0.282551995	   1.035047980	   0.960871981
 118.401038000	   0.273279995	   1.119471978	   0.972583981
 118.409651000	   0.269863995	   1.192183977	   0.971119981
 118.418264000	   0.265471995	   1.209751977	   0.978439981
 118.426877000	   0.245463995	   1.205847977	   0.965751981
 118.435490000	   0.216183996	   1.185839977	   0.930127982
 118.444103000	   0.182023996	   1.146799978	   0.906703983
 118.452716000	   0.142495997	   1.102391979	   0.890111983
 118.461329000	   0.101991998	   1.044319980	   0.865711983
 118.469942000	   0.075639999	   0.993079981	   0.854487984
 118.478555000	   0.059047999	   0.951599982	   0.848143984
 118.487168000	   0.055631999	   0.922319982	   0.844239984
 118.495781000	   0.057095999	   0.904751983	   0.856927983
 118.504394000	   0.067343999	   0.878887983	   0.878887983
 118.513007000	   0.081007998	   0.841311984	   0.887183983
 118.521620000	   0.087839998	   0.799831985	   0.874007983
 118.530233000	   0.083447998	   0.739319986	   0.870591983
 118.538846000	   0.081983998	   0.675391987	   0.891575983
 118.547459000	   0.064903999	   0.592431989	   0.880839983
 118.556072000	   0.064415999	   0.483119991	   0.872543983
 118.564685000	   0.064415999	   0.377711993	   0.858879983
 118.573298000	   0.058071999	   0.275231995	   0.852047984
 118.581911000	   0.025376000	   0.161039997	   0.866199983
 118.590524000	  -0.017080000	   0.036111999	   0.872543983
 118.599137000	  -0.043919999	  -0.084911998	   0.865711983
 118.607750000	  -0.050263999	  -0.200567996	   0.873519983
 118.616363000	  -0.061487999	  -0.305487994	   0.894991983
 118.624976000	  -0.062463999	  -0.385031993	   0.923783982
 118.633589000	  -0.062951999	  -0.447007991	   0.975511981
 118.642202000	  -0.054167999	  -0.527039990	   0.973071981
 118.650815000	  -0.045383999	  -0.614879988	   0.947207982
 118.659428000	  -0.034647999	  -0.691983987	   0.909143982
 118.668041000	  -0.026351999	  -0.743711986	   0.888647983
 118.676654000	  -0.010736000	  -0.752983985	   0.913047982
 118.685267000	   0.006832000	  -0.730535986	   0.962823981
 118.693880000	   0.017568000	  -0.727119986	   1.018943980
 118.702493000	   0.036111999	  -0.727607986	   1.054079980
 118.711106000	   0.065391999	  -0.744199986	   1.058471980
 118.719719000	   0.092719998	  -0.772503985	   1.033583980
 118.728332000	   0.122487998	  -0.780311985	   1.000887981
 118.736945000	   0.140543997	  -0.785191985	   0.983807981
 118.745558000	   0.128831998	  -0.811055984	   0.967703981
 118.754171000	   0.100527998	  -0.847655984	   0.947695982
 118.762784000	   0.070759999	  -0.877423983	   0.937935982
 118.771397000	   0.035135999	  -0.911095982	   0.920855982
 118.780010000	   0.000488000	  -0.949647982	   0.889623983
 118.788623000	  -0.001464000	  -0.955503982	   0.866199983
 118.797236000	   0.003416000	  -0.942327982	   0.852535984
 118.805849000	   0.007808000	  -0.917439982	   0.851559984
 118.814462000	   0.022936000	  -0.875471983	   0.851071984
 118.823075000	   0.034647999	  -0.825695984	   0.851071984
 118.831688000	   0.037087999	  -0.757863985	   0.864735983
 118.840301000	   0.037575999	  -0.704671986	   0.888647983
 118.848914000	   0.036111999	  -0.658311987	   0.881327983
 118.857527000	   0.053679999	  -0.608535988	   0.886695983
 118.866140000	   0.071735999	  -0.556807989	   0.899383983
 118.874753000	   0.084911998	  -0.519231990	   0.874495983
 118.883366000	   0.101991998	  -0.474823991	   0.846679984
 118.891979000	   0.100527998	  -0.420655992	   0.834967984
 118.900592000	   0.093207998	  -0.349407993	   0.863271983
 118.909205000	   0.094671998	  -0.283527995	   0.860831983
 118.917818000	   0.094183998	  -0.192271996	   0.903287983
 118.926431000	   0.091743998	  -0.089791998	   0.939399982
 118.935044000	   0.100039998	   0.003416000	   0.976487981
 118.943657000	   0.116631998	   0.087839998	   0.998935981
 118.952270000	   0.144935997	   0.174215997	   0.996983981
 118.960883000	   0.163967997	   0.244975995	   0.996495981
 118.969496000	   0.183487996	   0.301095994	   0.994055981
 118.978109000	   0.193247996	   0.349895993	   0.995519981
 118.986722000	   0.182023996	   0.380639993	   0.967215981
 118.995335000	   0.165919997	   0.403575992	   0.929639982
 119.003948000	   0.147375997	   0.451887991	   0.921831982
 119.012561000	   0.114191998	   0.541191990	   0.922807982
 119.021174000	   0.120047998	   0.630007988	   0.918903982
 119.029787000	   0.169823997	   0.701255986	   0.908167982
 119.038400000	   0.229359996	   0.794463985	   0.901823983
 119.047013000	   0.307927994	   0.941839982	   0.945255982
 119.055626000	   0.378687993	   1.086287979	   0.986735981
 119.064239000	   0.443591991	   1.182423977	   0.971607981
 119.072852000	   0.526551990	   1.266847976	   0.976487981
 119.081465000	   0.624151988	   1.347367974	   0.977463981
 119.090078000	   0.691007987	   1.406903973	   0.969655981
 119.098691000	   0.699303987	   1.399583973	   0.956479982
 119.107304000	   0.670511987	   1.341999974	   0.947695982
 119.115917000	   0.605607988	   1.272703975	   0.930127982
 119.124530000	   0.519231990	   1.210727977	   0.919391982
 119.133143000	   0.436759992	   1.146799978	   0.926711982
 119.141756000	   0.354287993	   1.063351979	   0.926223982
 119.150369000	   0.280111995	   0.978439981	   0.898407983
 119.158982000	   0.238143995	   0.897431983	   0.861807983
 119.167595000	   0.213255996	   0.829599984	   0.848143984
 119.176208000	   0.191295996	   0.771039985	   0.817399984
 119.184821000	   0.166407997	   0.704183986	   0.797879985
 119.193434000	   0.142495997	   0.640743988	   0.778847985
 119.202047000	   0.138591997	   0.592919989	   0.775431985
 119.210660000	   0.125415998	   0.543631990	   0.760791985
 119.219273000	   0.112239998	   0.490927991	   0.752983985
 119.227886000	   0.109799998	   0.443591991	   0.761279985
 119.236499000	   0.102967998	   0.407479992	   0.763719985
 119.245112000	   0.086375998	   0.352823993	   0.767623985
 119.253725000	   0.080031998	   0.304999994	   0.810567984
 119.262338000	   0.077103999	   0.276207995	   0.859855983
 119.270951000	   0.057583999	   0.235703995	   0.878887983
 119.279564000	   0.020496000	   0.185927996	   0.894015983
 119.288177000	  -0.011712000	   0.123463998	   0.912071982
 119.296790000	  -0.019520000	   0.064903999	   0.922807982
 119.305403000	  -0.022936000	   0.007320000	   0.948671982
 119.314016000	  -0.033183999	  -0.059047999	   0.977951981
 119.322629000	  -0.033183999	  -0.130783997	   0.999911981
 119.331242000	  -0.045383999	  -0.222039996	   1.017967980
 119.339855000	  -0.073687999	  -0.331351994	   1.045295980
 119.348468000	  -0.103943998	  -0.415287992	   1.078967979
 119.357081000	  -0.135175997	  -0.494343990	   1.089703979
 119.365694000	  -0.152255997	  -0.608535988	   1.060911980
 119.374307000	  -0.159087997	  -0.724679986	   1.021383980
 119.382920000	  -0.133711997	  -0.793975985	   0.986735981
 119.391533000	  -0.085399998	  -0.823255984	   0.963799981
 119.400146000	  -0.042943999	  -0.846191984	   0.960871981
 119.408759000	  -0.001952000	  -0.855463983	   0.975511981
 119.417372000	   0.047335999	  -0.835455984	   1.003327981
 119.425985000	   0.079543998	  -0.836431984	   1.018455980
 119.434598000	   0.100527998	  -0.856927983	   1.022359980
 119.443211000	   0.093207998	  -0.868639983	   1.028703980
 119.451824000	   0.042943999	  -0.887183983	   1.030167980
 119.460437000	  -0.003416000	  -0.911095982	   1.022359980
 119.469050000	  -0.031719999	  -0.935495982	   0.984783981
 119.477663000	  -0.051239999	  -0.973071981	   0.942815982
 119.486276000	  -0.069295999	  -1.004303981	   0.894015983
 119.494889000	  -0.084911998	  -1.019919980	   0.853023984
 119.503502000	  -0.105895998	  -1.017967980	   0.834967984
 119.512115000	  -0.109799998	  -0.974047981	   0.847167984
 119.520728000	  -0.105407998	  -0.894503983	   0.847167984
 119.529341000	  -0.084911998	  -0.795439985	   0.838871984
 119.537954000	  -0.070759999	  -0.689543987	   0.866687983
 119.546567000	  -0.071247999	  -0.595359989	   0.912559982
 119.555180000	  -0.052215999	  -0.503615990	   0.936471982
 119.563793000	  -0.028791999	  -0.426999992	   0.929639982
 119.572406000	  -0.000488000	  -0.352823993	   0.930127982
 119.581019000	   0.030255999	  -0.265959995	   0.955503982
 119.589632000	   0.061487999	  -0.204959996	   0.912559982
 119.598245000	   0.062463999	  -0.125415998	   0.914999982
 119.606858000	   0.062951999	  -0.041479999	   0.931591982
 119.615471000	   0.064903999	   0.021472000	   0.941839982
 119.624084000	   0.062951999	   0.064415999	   0.959407981
 119.632697000	   0.044895999	   0.132735997	   0.975023981
 119.641310000	   0.034159999	   0.209351996	   0.983807981
 119.649923000	   0.046359999	   0.277671995	   0.961359981
 119.658536000	   0.085399998	   0.334279994	   0.931103982
 119.667149000	   0.118095998	   0.386007993	   0.917439982
 119.675762000	   0.149815997	   0.419679992	   0.928175982
 119.684375000	   0.211303996	   0.476775991	   0.935495982
 119.692988000	   0.249855995	   0.552903989	   0.912559982
 119.701601000	   0.265471995	   0.628543988	   0.914999982
 119.710214000	   0.276695995	   0.707599986	   0.952087982
 119.718827000	   0.299143994	   0.792999985	   0.970631981
 119.727440000	   0.345015993	   0.871567983	   0.973559981
 119.736053000	   0.369415993	   0.946231982	   0.990151981
 119.744666000	   0.425047992	   1.022847980	   1.006255981
 119.753279000	   0.508007990	   1.088239979	   1.008207981
 119.761892000	   0.569983989	   1.192671977	   1.014551980
 119.770505000	   0.606095988	   1.305399975	   1.018455980
 119.779118000	   0.622687988	   1.342975974	   1.034071980
 119.787731000	   0.616831988	   1.341511974	   1.041879980
 119.796344000	   0.559247989	   1.302959975	   1.060911980
 119.804957000	   0.486047991	   1.218535976	   1.110199979
 119.813570000	   0.399671992	   1.091167979	   1.136551978
 119.822183000	   0.316223994	   0.952087982	   1.067743979
 119.830796000	   0.260103995	   0.831063984	   0.975023981
 119.839409000	   0.223503996	   0.726631986	   0.932079982
 119.848022000	   0.191783996	   0.641231988	   0.933543982
 119.856635000	   0.185439996	   0.568031989	   0.934519982
 119.865248000	   0.204959996	   0.516791990	   0.921831982
 119.873861000	   0.237655995	   0.468479991	   0.899871983
 119.882474000	   0.243999995	   0.423583992	   0.909143982
 119.891087000	   0.205935996	   0.382591993	   0.922319982
 119.899700000	   0.157623997	   0.313295994	   0.911583982
 119.908313000	   0.131759997	   0.242535995	   0.907679982
 119.916926000	   0.101503998	   0.154207997	   0.896455983
 119.925539000	   0.062951999	   0.049287999	   0.878399983
 119.934152000	   0.029767999	  -0.059535999	   0.859855983
 119.942765000	  -0.015128000	  -0.174703997	   0.880351983
 119.951378000	  -0.070271999	  -0.282063995	   0.898895983
 119.959991000	  -0.110287998	  -0.365999993	   0.894991983
 119.968604000	  -0.146399997	  -0.438711992	   0.895479983
 119.977217000	  -0.184463996	  -0.494831990	   0.914023982
 119.985830000	  -0.204471996	  -0.514839990	   0.943303982
 119.994443000	  -0.206423996	  -0.524111990	   0.961359981
 120.003056000	  -0.192759996	  -0.537287990	   0.971607981
 120.011669000	  -0.163479997	  -0.565591989	   0.989175981
 120.020282000	  -0.121511998	  -0.578279989	   1.017967980
 120.028895000	  -0.094671998	  -0.574375989	   1.025775980
 120.037508000	  -0.097111998	  -0.571935989	   1.002839981
 120.046121000	  -0.112727998	  -0.603655988	   0.979415981
 120.054734000	  -0.112239998	  -0.634399988	   0.966727981
 120.063347000	  -0.106871998	  -0.652943987	   0.963311981
 120.071960000	  -0.119071998	  -0.669535987	   0.975023981
 120.080573000	  -0.124927998	  -0.684175987	   1.004303981
 120.089186000	  -0.112727998	  -0.691007987	   1.014063980
 120.097799000	  -0.098087998	  -0.700279986	   0.991615981
 120.106412000	  -0.082959998	  -0.705159986	   0.967215981
 120.115025000	  -0.072711999	  -0.691007987	   0.944279982
 120.123638000	  -0.074663999	  -0.699791986	   0.911583982
 120.132251000	  -0.075151999	  -0.713455986	   0.909143982
 120.140864000	  -0.065879999	  -0.711991986	   0.926223982
 120.149477000	  -0.050751999	  -0.704183986	   0.948183982
 120.158090000	  -0.032207999	  -0.695399987	   0.935983982
 120.166703000	  -0.013664000	  -0.682711987	   0.940863982
 120.175316000	   0.000488000	  -0.667583987	   0.925735982
 120.183929000	   0.009272000	  -0.654895987	   0.907191982
 120.192542000	  -0.005368000	  -0.625615988	   0.910607982
 120.201155000	  -0.025864000	  -0.588039989	   0.934031982
 120.209768000	  -0.030255999	  -0.547535989	   0.948671982
 120.218381000	  -0.028791999	  -0.507031990	   0.962335981
 120.226994000	  -0.007320000	  -0.476775991	   0.955015982
 120.235607000	   0.022936000	  -0.417727992	   0.976487981
 120.244220000	   0.052703999	  -0.379663993	   0.990639981
 120.252833000	   0.092231998	  -0.369903993	   0.996495981
 120.261446000	   0.094671998	  -0.345015993	   0.974047981
 120.270059000	   0.056119999	  -0.355751993	   0.959895981
 120.278672000	  -0.003904000	  -0.364535993	   0.948183982
 120.287285000	  -0.085399998	  -0.339647993	   0.949159982
 120.295898000	  -0.169823997	  -0.294263994	   0.996495981
 120.304511000	  -0.211791996	  -0.184463996	   1.055055980
 120.313124000	  -0.267423995	  -0.112727998	   1.028215980
 120.321737000	  -0.241559995	  -0.061975999	   0.979415981
 120.330350000	  -0.156647997	   0.033671999	   0.957455982
 120.338963000	  -0.002928000	   0.139567997	   0.935495982
 120.347576000	   0.148839997	   0.328423994	   0.861319983
 120.356189000	   0.262055995	   0.560223989	   0.819351984
 120.364802000	   0.315247994	   0.783239985	   0.881815983
 120.373415000	   0.340623993	   0.929151982	   0.959895981
 120.382028000	   0.308415994	   1.079455979	   1.050663980
 120.390641000	   0.254735995	   1.147287978	   1.098975979
 120.399254000	   0.268399995	   1.154119978	   1.125815978
 120.407867000	   0.302071994	   1.148751978	   1.080919979
 120.416480000	   0.337207993	   1.119959978	   1.038951980
 120.425093000	   0.394791992	   1.140943978	   1.018455980
 120.433706000	   0.425047992	   1.145823978	   0.985271981
 120.442319000	   0.414311992	   1.146311978	   0.997471981
 120.450932000	   0.396743992	   1.133623978	   1.026263980
 120.459545000	   0.400647992	   1.108247979	   1.029191980
 120.468158000	   0.400647992	   1.079455979	   1.025775980
 120.476771000	   0.369415993	   1.028215980	   1.007231981
 120.485384000	   0.304023994	   0.968191981	   1.013087980
 120.493997000	   0.232287996	   0.909143982	   1.002351981
 120.502610000	   0.166895997	   0.837895984	   0.956479982
 120.511223000	   0.101503998	   0.746151986	   0.918903982
 120.519836000	   0.044895999	   0.667583987	   0.900359983
 120.528449000	   0.014640000	   0.605119988	   0.903775983
 120.537062000	   0.014152000	   0.543143990	   0.919391982
 120.545675000	   0.035135999	   0.507031990	   0.921831982
 120.554288000	   0.068319999	   0.485071991	   0.916951982
 120.562901000	   0.110775998	   0.466527991	   0.914511982
 120.571514000	   0.155671997	   0.471407991	   0.908655982
 120.580127000	   0.171775997	   0.438711992	   0.933543982
 120.588740000	   0.162503997	   0.437735992	   0.955991982
 120.597353000	   0.147375997	   0.404063992	   0.981367981
 120.605966000	   0.139079997	   0.373319993	   0.993567981
 120.614579000	   0.134687997	   0.329399994	   0.978927981
 120.623192000	   0.098087998	   0.266447995	   0.965751981
 120.631805000	   0.042455999	   0.210815996	   0.956967982
 120.640418000	   0.005856000	   0.145423997	   0.957943982
 120.649031000	   0.001952000	   0.085399998	   0.956479982
 120.657644000	   0.009272000	   0.032695999	   0.967703981
 120.666257000	   0.039527999	  -0.029767999	   0.943791982
 120.674870000	   0.061487999	  -0.094183998	   0.946231982
 120.683483000	   0.060999999	  -0.165431997	   0.943303982
 120.692096000	   0.054167999	  -0.218623996	   0.941839982
 120.700709000	   0.045383999	  -0.248879995	   0.959407981
 120.709322000	   0.041479999	  -0.279135995	   0.975023981
 120.717935000	   0.034159999	  -0.303047994	   1.007719981
 120.726548000	   0.021472000	  -0.345991993	   1.002839981
 120.735161000	   0.021960000	  -0.407479992	   0.966239981
 120.743774000	   0.025376000	  -0.451399991	   0.950135982
