A_x [g]	A_y [g]	A_z [g]
   0.188367996	  -0.124439998	   1.103855979
   0.184951996	  -0.112239998	   1.149239978
   0.191295996	  -0.101503998	   1.174127977
   0.194223996	  -0.105407998	   1.199991977
   0.195199996	  -0.115167998	   1.226831976
   0.190319996	  -0.125903998	   1.257087976
   0.201543996	  -0.122487998	   1.280999975
   0.200079996	  -0.130295997	   1.288319975
   0.195687996	  -0.139079997	   1.304423975
   0.197151996	  -0.160551997	   1.294663975
   0.181535996	  -0.213255996	   1.251231976
   0.162991997	  -0.271815995	   1.209751977
   0.189831996	  -0.298655994	   1.210239977
   0.188367996	  -0.285967994	   1.230247976
   0.205447996	  -0.239119995	   1.265871976
   0.208375996	  -0.163967997	   1.336143974
   0.192271996	  -0.081007998	   1.347367974
   0.153231997	  -0.049287999	   1.327359974
   0.136151997	  -0.062463999	   1.276607975
   0.124927998	  -0.105895998	   1.145823978
   0.062463999	  -0.155671997	   0.986247981
   0.040991999	  -0.199103996	   0.883767983
   0.024888000	  -0.216183996	   0.823743984
   0.021960000	  -0.135663997	   0.803735984
   0.034159999	  -0.082471998	   0.848143984
   0.067343999	  -0.058559999	   0.842775984
   0.059047999	  -0.060023999	   0.787143985
   0.012200000	  -0.074175999	   0.688079987
  -0.031231999	  -0.115167998	   0.600727988
  -0.052215999	  -0.166895997	   0.511911990
  -0.078567998	  -0.230335996	   0.426999992
  -0.072711999	  -0.258151995	   0.387959993
  -0.095647998	  -0.264983995	   0.376247993
  -0.164455997	  -0.292799994	   0.377223993
  -0.160551997	  -0.323543994	   0.377711993
  -0.131759997	  -0.386983993	   0.419679992
  -0.150303997	  -0.460183991	   0.418215992
  -0.215207996	  -0.575351989	   0.349895993
  -0.295727994	  -0.718823986	   0.267911995
  -0.368439993	  -0.913047982	   0.248391995
  -0.365023993	  -1.109711979	   0.292311994
  -0.338671993	  -1.318087975	   0.370879993
  -0.309879994	  -1.531343970	   0.440175992
  -0.272791995	  -1.677743968	   0.572911989
  -0.190807996	  -1.754359966	   0.711503986
  -0.060999999	  -1.766071966	   0.865223983
   0.032207999	  -1.718247967	   0.988687981
   0.084423998	  -1.632359968	   1.097999979
   0.158599997	  -1.521095971	   1.215607977
   0.254247995	  -1.378111973	   1.267335976
   0.384543993	  -1.206335977	   1.297591975
   0.597311988	  -0.994543981	   1.238055976
   0.714919986	  -0.780799985	   1.133135978
   0.796415985	  -0.475799991	   1.125815978
   0.870591983	  -0.099063998	   1.219511976
   0.903287983	   0.347455993	   1.399583973
   1.022847980	   0.841799984	   1.593807969
   1.043343980	   1.273191975	   1.723615967
   1.040903980	   1.586487969	   1.830487965
   1.019919980	   1.823655965	   1.805599965
   1.131671978	   2.011535961	   1.755823966
   1.068719979	   2.139391959	   1.839759964
   1.082383979	   2.267247956	   1.886119964
   1.070671979	   2.354111955	   1.942239963
   1.014063980	   2.426335953	   1.962247962
   0.898895983	   2.447807953	   1.908079963
   0.965263981	   2.426335953	   1.954439962
   1.003815981	   2.290183956	   1.951999962
   1.027727980	   2.067167960	   1.744111966
   0.980879981	   1.854887964	   1.641631968
   0.987223981	   1.627967969	   1.544031970
   1.070671979	   1.383967973	   1.424471973
   1.102391979	   1.158023978	   1.338095974
   1.114103978	   0.869615983	   1.304423975
   1.148751978	   0.590479989	   1.254159976
   1.143383978	   0.300607994	   1.191207977
   1.051151980	  -0.041967999	   1.093607979
   0.949159982	  -0.301583994	   1.002351981
   0.874495983	  -0.481655991	   0.938423982
   0.770063985	  -0.614391988	   0.850095984
   0.685151987	  -0.656847987	   0.831063984
   0.714431986	  -0.559247989	   0.919879982
   0.550951989	  -0.521671990	   0.955991982
   0.356239993	  -0.579255989	   0.853511984
   0.230335996	  -0.728583986	   0.797879985
   0.120047998	  -1.001863981	   0.739319986
  -0.000976000	  -1.218047976	   0.771039985
  -0.083447998	  -1.398119973	   0.856927983
  -0.142495997	  -1.636751968	   0.865223983
  -0.251807995	  -1.846103964	   0.838871984
  -0.347943993	  -2.036911961	   0.796903985
  -0.453351991	  -2.212591957	   0.710527986
  -0.559735989	  -2.327759955	   0.632447988
  -0.670511987	  -2.407791954	   0.580231989
  -0.798855985	  -2.466351952	   0.509959990
  -0.851559984	  -2.523447951	   0.467503991
  -0.740783986	  -2.540039951	   0.492879990
  -0.677343987	  -2.605431950	   0.444567991
  -0.646111988	  -2.489775952	   0.381615993
  -0.583159989	  -2.282863956	   0.408455992
  -0.499223990	  -2.131583959	   0.454815991
  -0.466527991	  -1.976399962	   0.548511989
  -0.368439993	  -1.825607965	   0.634887988
  -0.204471996	  -1.700191967	   0.620735988
  -0.039039999	  -1.576239970	   0.624151988
   0.072223999	  -1.419103973	   0.664655987
   0.260591995	  -1.247815976	   0.670511987
   0.465551991	  -1.015039980	   0.721751986
   0.709551986	  -0.731999986	   0.846679984
   0.902311983	  -0.416751992	   1.012111980
   1.114103978	  -0.027327999	   1.210727977
   1.382991973	   0.397719992	   1.443503972
   1.669935968	   0.840823984	   1.758751966
   1.869039964	   1.279047975	   2.088151960
   1.953463962	   1.646023968	   2.277495956
   2.010559961	   1.905151963	   2.313607955
   1.975423962	   2.104743959	   2.308727955
   1.965175962	   2.277983956	   2.310679955
   1.975911962	   2.422919953	   2.290183956
   1.931991963	   2.465863952	   2.188679958
   1.776807966	   2.424383953	   1.999823961
   1.575263970	   2.366311954	   1.736303966
   1.408855973	   2.277007956	   1.519143971
   1.273191975	   2.165255958	   1.247815976
   1.097999979	   1.966639962	   0.995519981
   0.960383981	   1.688967967	   0.744687986
   0.855951983	   1.359079974	   0.548023989
   0.741271986	   0.978439981	   0.392839992
   0.700279986	   0.575351989	   0.296703994
   0.684663987	   0.205447996	   0.341111993
   0.661239987	  -0.051727999	   0.438711992
   0.588039989	  -0.162503997	   0.586575989
   0.473359991	  -0.169335997	   0.760303985
   0.346967993	  -0.178607997	   0.866199983
   0.234727995	  -0.266447995	   0.876935983
   0.101015998	  -0.413335992	   0.822279984
  -0.055631999	  -0.630983988	   0.756399985
  -0.182999996	  -0.903287983	   0.692471987
  -0.266447995	  -1.116543978	   0.688079987
  -0.317687994	  -1.244399976	   0.785679985
  -0.363071993	  -1.386407973	   0.873519983
  -0.464575991	  -1.539151970	   0.863759983
  -0.640255988	  -1.682135968	   0.847655984
  -0.796415985	  -1.822191965	   0.851559984
  -0.901823983	  -1.921255963	   0.897919983
  -0.986735981	  -1.994455962	   0.980879981
  -1.079943979	  -2.094983960	   1.010159981
  -1.143383978	  -2.225279957	   0.963311981
  -1.110199979	  -2.332639955	   0.868151983
  -1.036511980	  -2.413647953	   0.803247984
  -0.911583982	  -2.450247953	   0.810567984
  -0.874007983	  -2.354111955	   0.829111984
  -0.701255986	  -2.097911960	   0.940375982
  -0.521671990	  -1.930039963	   0.957943982
  -0.434319992	  -1.749479966	   0.933543982
  -0.379175993	  -1.547935970	   0.888647983
  -0.271815995	  -1.396655973	   0.790071985
  -0.132735997	  -1.322479974	   0.611463988
   0.003416000	  -1.254159976	   0.577303989
   0.283039995	  -1.128743978	   0.608535988
   0.586575989	  -0.909631982	   0.620735988
   0.847655984	  -0.551439989	   0.737367986
   1.100439979	  -0.074663999	   0.937447982
   1.334191974	   0.415287992	   1.142895978
   1.543055970	   0.851071984	   1.355663974
   1.678231968	   1.236591976	   1.582095969
   1.733375967	   1.586975969	   1.766071966
   1.740207966	   1.879287964	   1.897343963
   1.735327967	   2.107183959	   1.986647962
   1.795839965	   2.286767956	   2.033007961
   1.836831965	   2.386319954	   2.034959961
   1.769487966	   2.444879953	   2.019831961
   1.633335968	   2.444879953	   1.897343963
   1.453751972	   2.330687955	   1.712391967
   1.353711974	   2.221863957	   1.567943970
   1.228783976	   1.971519962	   1.412759973
   1.146799978	   1.675303968	   1.260015976
   1.022359980	   1.392751973	   1.058471980
   0.744199986	   1.051639980	   0.803735984
   0.493367990	   0.734439986	   0.618783988
   0.307439994	   0.416751992	   0.630983988
   0.182999996	  -0.009272000	   0.828623984
   0.315247994	   0.131759997	   0.394791992
   0.068807999	   0.004392000	   0.295239994
  -0.213255996	  -0.347455993	   0.466527991
  -0.080031998	  -0.573399989	   0.667583987
   0.076127999	  -0.728583986	   0.846191984
  -0.039039999	  -0.902799983	   1.060423980
  -0.290359994	  -1.113615979	   1.037975980
  -0.554367989	  -1.350783974	   0.958919981
  -0.755911985	  -1.579655970	   0.932567982
  -0.849119984	  -1.792423965	   0.908655982
  -0.896943983	  -1.999823961	   1.025775980
  -0.896455983	  -2.158423958	   1.152655978
  -0.859855983	  -2.264807956	   1.083359979
  -0.918415982	  -2.408279954	   1.059935980
  -0.979415981	  -2.493191952	   0.866687983
  -1.017967980	  -2.426823953	   0.724679986
  -1.016015980	  -2.229183957	   0.725167986
  -1.073111979	  -2.000311961	   0.757375985
  -1.011623980	  -1.819751965	   0.691983987
  -1.086775979	  -1.702143967	   0.625615988
  -0.894503983	  -1.404463973	   0.728095986
  -0.598775988	  -1.256599976	   0.714431986
  -0.373807993	  -1.123863978	   0.698815987
  -0.162503997	  -0.956479982	   0.688079987
   0.008296000	  -0.796415985	   0.731999986
   0.207887996	  -0.596335988	   0.741271986
   0.334767994	  -0.364535993	   0.824231984
   0.447495991	  -0.208375996	   0.937447982
   0.575351989	  -0.039527999	   1.074575979
   0.757375985	   0.149815997	   1.165343978
   0.967215981	   0.339159993	   1.186327977
   1.134111978	   0.548511989	   1.200479977
   1.253183976	   0.820327984	   1.243423976
   1.284903975	   1.097023979	   1.301983975
   1.286367975	   1.346391974	   1.362495974
   1.317111975	   1.499135971	   1.399095973
   1.382015973	   1.612351969	   1.430815972
   1.456191972	   1.739231966	   1.500111971
   1.485959971	   1.858791964	   1.569895970
   1.463999972	   1.923695963	   1.598687969
   1.429351972	   1.953951962	   1.593319969
   1.374207973	   1.925159963	   1.528415971
   1.298079975	   1.857327964	   1.436671972
   1.229271976	   1.768999966	   1.345415974
   1.155583978	   1.632359968	   1.245863976
   1.047247980	   1.417151973	   1.083847979
   0.947207982	   1.245375976	   0.963799981
   0.869615983	   1.066279979	   0.942815982
   0.814959984	   0.859855983	   0.943791982
   0.754935985	   0.622199988	   0.952575982
   0.689055987	   0.476287991	   1.036023980
   0.571935989	   0.331839994	   1.074087979
   0.450911991	   0.121511998	   1.056519980
   0.330863994	  -0.108335998	   1.054567980
   0.222527996	  -0.340135993	   1.087263979
   0.148351997	  -0.517279990	   1.166807977
   0.054655999	  -0.703207986	   1.205359977
  -0.077103999	  -0.959895981	   1.162415978
  -0.190319996	  -1.266847976	   1.105319979
  -0.243999995	  -1.525487971	   1.099951979
  -0.354775993	  -1.782663966	   1.092631979
  -0.519231990	  -2.021783961	   1.048711980
  -0.695887987	  -2.182335958	   0.941351982
  -0.926223982	  -2.302383956	   0.791047985
  -1.138991978	  -2.400471954	   0.695887987
  -1.232687976	  -2.457567953	   0.645135988
  -1.267335976	  -2.478063952	   0.615367988
  -1.291735975	  -2.448295953	   0.652455987
  -1.185839977	  -2.287255956	   0.471895991
  -1.150215978	  -2.189655958	   0.607071988
  -1.131183978	  -1.989087962	   0.650015987
  -0.968679981	  -1.757287966	   0.538751990
  -0.880351983	  -1.610399969	   0.441639991
  -0.749079986	  -1.497183971	   0.435295992
  -0.529479990	  -1.373231973	   0.523623990
  -0.247415995	  -1.249767976	   0.660263987
  -0.002440000	  -1.105319979	   0.791535985
   0.197151996	  -0.951111982	   0.856927983
   0.312807994	  -0.814471984	   0.800807985
   0.437735992	  -0.742735986	   0.698815987
   0.629519988	  -0.617807988	   0.625615988
   0.801783985	  -0.421143992	   0.600727988
   0.931591982	  -0.188855996	   0.652455987
   1.057495980	   0.098575998	   0.799831985
   1.226343976	   0.462623991	   1.016015980
   1.383479973	   0.919879982	   1.279047975
   1.540127970	   1.412271973	   1.599175969
   1.603079969	   1.889535964	   1.907103963
   1.587951969	   2.190143958	   2.023247961
   1.557207970	   2.287743956	   1.984207962
   1.557207970	   2.322879955	   1.942239963
   1.542079970	   2.347767955	   1.933455963
   1.472783972	   2.369727954	   1.877823964
   1.334191974	   2.354599955	   1.772903966
   1.158999978	   2.275543956	   1.593319969
   1.007719981	   2.093519960	   1.368839974
   0.908655982	   1.892951963	   1.175103977
   0.807151984	   1.673351968	   1.048711980
   0.737367986	   1.403487973	   0.962823981
   0.697839987	   1.097511979	   0.883279983
   0.637815988	   0.821791984	   0.848143984
   0.568031989	   0.537287990	   0.817399984
   0.474335991	   0.237655995	   0.751519985
   0.382103993	  -0.088815998	   0.710039986
   0.266935995	  -0.420655992	   0.707599986
   0.192759996	  -0.679783987	   0.744199986
   0.167383997	  -0.968679981	   0.789095985
   0.114191998	  -1.289295975	   0.690031987
  -0.024400000	  -1.622599969	   0.542655990
  -0.209351996	  -1.849031964	   0.465551991
  -0.361119993	  -1.963711962	   0.515327990
  -0.481655991	  -1.957855962	   0.610975988
  -0.653431987	  -1.951023962	   0.662215987
  -0.825695984	  -1.966151962	   0.631959988
  -0.976975981	  -2.003727961	   0.505567990
  -1.091655979	  -2.033983961	   0.385519993
  -1.100927979	  -1.988599962	   0.354775993
  -1.018455980	  -1.870503964	   0.404551992
  -0.942327982	  -1.711903967	   0.495807990
  -0.925735982	  -1.528903970	   0.564127989
  -0.917439982	  -1.380551973	   0.589015989
  -0.899871983	  -1.280511975	   0.620735988
  -0.792023985	  -1.235615976	   0.680271987
  -0.646599988	  -1.230247976	   0.750055986
  -0.523623990	  -1.260503976	   0.793487985
  -0.352335993	  -1.285391975	   0.833015984
  -0.143471997	  -1.298567975	   0.852535984
   0.050263999	  -1.286367975	   0.868639983
   0.148351997	  -1.156559978	   0.902799983
   0.186903996	  -0.981855981	   0.947207982
   0.293287994	  -0.755911985	   1.011135980
   0.445543991	  -0.502151990	   1.060423980
   0.558759989	  -0.262055995	   1.063839979
   0.684175987	  -0.070271999	   1.010159981
   0.839359984	   0.143471997	   0.949159982
   1.045295980	   0.407967992	   0.961847981
   1.233175976	   0.756887985	   1.124839978
   1.405439973	   1.190231977	   1.347855974
   1.549887970	   1.620159969	   1.553791970
   1.735815967	   1.953951962	   1.621623969
   1.414223973	   2.072535960	   1.771927966
   1.575751970	   2.348743955	   1.547935970
   1.576239970	   2.389735954	   1.597223969
   1.546471970	   2.400959954	   1.633823968
   1.509383971	   2.389735954	   1.605519969
   1.421543973	   2.246751957	   1.453263972
   1.321991974	   2.098399960	   1.303935975
   1.193647977	   1.959319962	   1.192183977
   1.057495980	   1.818287965	   1.109711979
   0.953551982	   1.631871969	   0.989663981
   0.867175983	   1.413735973	   0.843751984
   0.771039985	   1.170711977	   0.735903986
   0.653919987	   0.910119982	   0.691495987
   0.550951989	   0.616831988	   0.683687987
   0.489951991	   0.359167993	   0.705159986
   0.401623992	   0.089791998	   0.754447985
   0.287431994	  -0.185927996	   0.789583985
   0.175679997	  -0.475799991	   0.769575985
   0.024400000	  -0.767135985	   0.675391987
  -0.161039997	  -1.031631980	   0.587551989
  -0.312807994	  -1.225367976	   0.567055989
  -0.393815992	  -1.326871974	   0.594871989
  -0.486047991	  -1.427887972	   0.713455986
  -0.622687988	  -1.647975968	   0.797391985
  -0.800319985	  -1.922231963	   0.797879985
  -0.930127982	  -2.204295957	   0.732487986
  -0.994055981	  -2.465863952	   0.652455987
  -1.062863979	  -2.664479949	   0.554855989
  -1.083359979	  -2.756223947	   0.535823990
  -1.088727979	  -2.752807947	   0.660751987
  -0.966239981	  -2.573223950	   0.873031983
  -0.823255984	  -2.324343955	   0.976487981
  -0.782751985	  -2.131583959	   0.958919981
  -0.721263986	  -1.958343962	   0.912559982
  -0.581695989	  -1.752407966	   0.921831982
  -0.420167992	  -1.493767971	   0.951111982
  -0.254247995	  -1.235615976	   1.015527980
  -0.056119999	  -0.996007981	   1.105319979
   0.166407997	  -0.807151984	   1.195599977
   0.390399992	  -0.580719989	   1.256111976
   0.507031990	  -0.378687993	   1.251719976
   0.626103988	  -0.194223996	   1.255623976
   0.759327985	   0.010248000	   1.235127976
   0.919391982	   0.203983996	   1.198039977
   1.088239979	   0.439687992	   1.217071977
   1.261967976	   0.818375984	   1.305399975
   1.431303972	   1.304423975	   1.411783973
   1.435207972	   1.750455966	   1.484495971
   1.327847974	   2.094495960	   1.443503972
   1.216583977	   2.431215953	   1.274167975
   1.100927979	   2.649839949	   1.114591978
   0.987223981	   2.773303946	   1.030167980
   0.915487982	   2.780623946	   0.955015982
   0.885231983	   2.720111948	   0.925247982
   0.834479984	   2.553215951	   0.868639983
   0.791047985	   2.307751955	   0.745175986
   0.767623985	   2.000799961	   0.641719988
   0.764695985	   1.655295968	   0.521671990
   0.712967986	   1.281975975	   0.467015991
   0.646599988	   0.991127981	   0.465063991
   0.570471989	   0.677831987	   0.558759989
   0.543631990	   0.452863991	   0.670023987
   0.520207990	   0.240095995	   0.796415985
   0.479703991	   0.045383999	   0.948183982
   0.376247993	  -0.192759996	   1.037487980
   0.320615994	  -0.456279991	   1.197063977
   0.271815995	  -0.753471985	   1.260503976
   0.241071995	  -1.087751979	   1.197063977
   0.164943997	  -1.466439972	   1.043831980
  -0.013664000	  -1.805111965	   0.906703983
  -0.234727995	  -2.029591961	   0.872055983
  -0.336231994	  -2.090103960	   1.002351981
  -0.367951993	  -2.116943959	   1.192671977
  -0.450423991	  -2.123775959	   1.310767975
  -0.677343987	  -2.214543957	   1.171687977
  -0.851071984	  -2.280911956	   0.953551982
  -0.905727983	  -2.222839957	   0.859367983
  -0.874007983	  -2.071071960	   0.949159982
  -0.838383984	  -1.883191964	   1.037487980
  -0.741271986	  -1.702631967	   1.076039979
  -0.620735988	  -1.561599970	   1.083359979
  -0.494343990	  -1.435695972	   1.108735979
  -0.375271993	  -1.295151975	   1.195599977
  -0.225455996	  -1.166319977	   1.269775975
  -0.054167999	  -1.074087979	   1.264895976
   0.080519998	  -0.984783981	   1.206335977
   0.147863997	  -0.865711983	   1.150703978
   0.193247996	  -0.703695986	   1.052615980
   0.293775994	  -0.537287990	   0.982343981
   0.418703992	  -0.325495994	   0.926223982
   0.531431990	  -0.089791998	   0.833991984
   0.669047987	   0.158111997	   0.734927986
   0.834479984	   0.415775992	   0.727119986
   0.968191981	   0.751031986	   0.729071986
   1.081895979	   1.202919977	   0.768599985
   1.147775978	   1.731423967	   0.928663982
   1.172175977	   2.377047954	   1.075551979
   1.146311978	   2.994367942	   1.130207978
   1.097511979	   3.419903934	   1.172175977
   1.087263979	   3.558007931	   1.189743977
   1.196087977	   3.412583934	   1.181935977
   1.263919976	   3.077327941	   1.169735977
   1.289783975	   2.692295948	   1.087751979
   1.290759975	   2.232599957	   0.940375982
   1.251231976	   1.729471967	   0.813983984
   1.167783977	   1.215119977	   0.717847986
   1.052615980	   0.768599985	   0.577791989
   0.929639982	   0.452863991	   0.462623991
   0.788119985	   0.288895994	   0.485559991
   0.641231988	   0.326959994	   0.796903985
   0.577791989	   0.299631994	   1.158511978
   0.494831990	   0.093207998	   1.305399975
   0.343063993	  -0.245951995	   1.167295977
   0.118095998	  -0.781287985	   0.812031984
  -0.209351996	  -1.290759975	   0.454327991
  -0.399183992	  -1.638703968	   0.305975994
  -0.444567991	  -1.816823965	   0.475311991
  -0.398695992	  -1.890511964	   0.826671984
  -0.411871992	  -2.035447961	   0.999911981
  -0.518743990	  -2.221863957	   0.898895983
  -0.700279986	  -2.322391955	   0.743711986
  -0.893039983	  -2.369727954	   0.660263987
  -0.937935982	  -2.414623953	   0.649039987
  -0.827647984	  -2.428287953	   0.744687986
  -0.731511986	  -2.377047954	   0.972583981
  -0.548511989	  -2.256511956	   1.058959980
  -0.415287992	  -2.121335959	   1.046759980
  -0.301583994	  -1.963711962	   1.034559980
  -0.192271996	  -1.752895966	   1.055543980
  -0.092231998	  -1.544519970	   1.092143979
   0.034159999	  -1.402023973	   1.118007978
   0.174215997	  -1.301495975	   1.136551978
   0.269863995	  -1.305887975	   1.083359979
   0.406991992	  -1.304423975	   0.991127981
   0.553879989	  -1.226831976	   0.874983983
   0.665631987	  -1.064815979	   0.778847985
   0.767135985	  -0.830087984	   0.723215986
   0.862295983	  -0.585111989	   0.680759987
   0.980391981	  -0.339159993	   0.710527986
   1.083847979	  -0.046847999	   0.750543986
   1.232687976	   0.295727994	   0.829111984
   1.294175975	   0.728583986	   0.889135983
   1.274655975	   1.224879976	   0.864247983
   1.203895977	   1.787055966	   0.784703985
   1.156071978	   2.402423954	   0.914511982
   1.174615977	   2.963135943	   1.124839978
   1.171687977	   3.313031936	   1.325407974
   1.192671977	   3.459919933	   1.484007971
   1.240983976	   3.428687934	   1.525975971
   1.261479976	   3.247151937	   1.480591971
   1.260503976	   3.108071940	   1.462047972
   1.255135976	   2.911895944	   1.498159971
   1.278071975	   2.561999951	   1.463999972
   1.308815975	   2.066679960	   1.310279975
   1.315159975	   1.538663970	   1.154607978
   1.242447976	   1.112639979	   0.988687981
   1.117031978	   0.800319985	   0.824719984
   0.940863982	   0.589503989	   0.732487986
   0.806663984	   0.487023991	   0.761279985
   0.798367985	   0.373319993	   0.892063983
   0.863271983	   0.204959996	   1.100927979
   0.798855985	  -0.170799997	   1.110199979
   0.617807988	  -0.624639988	   0.894503983
   0.390399992	  -1.117519978	   0.639279988
   0.192759996	  -1.494255971	   0.497759990
   0.071735999	  -1.724103967	   0.521183990
   0.027327999	  -1.874895964	   0.679295987
  -0.082471998	  -2.112063959	   0.734927986
  -0.282063995	  -2.454151953	   0.607071988
  -0.457743991	  -2.781111946	   0.430415992
  -0.596335988	  -2.986559942	   0.406503992
  -0.614879988	  -3.055367941	   0.498735990
  -0.609511988	  -3.090503940	   0.585599989
  -0.609023988	  -3.020231942	   0.622687988
  -0.556319989	  -2.852847945	   0.645623988
  -0.512399990	  -2.591279950	   0.699303987
  -0.437735992	  -2.305799956	   0.661239987
  -0.346479993	  -2.007631961	   0.612927988
  -0.260591995	  -1.717759967	   0.660751987
  -0.110287998	  -1.485471971	   0.731023986
   0.075639999	  -1.327359974	   0.785191985
   0.237655995	  -1.228783976	   0.793487985
   0.362583993	  -1.112151979	   0.774943985
   0.515815990	  -0.974047981	   0.753471985
   0.661727987	  -0.807639984	   0.759327985
   0.749567986	  -0.613903988	   0.754447985
   0.808615984	  -0.364047993	   0.748591986
   0.917927982	  -0.121023998	   0.731023986
   1.048711980	   0.150303997	   0.779823985
   1.133623978	   0.416751992	   0.861319983
   1.170711977	   0.666119987	   0.861807983
   1.146311978	   0.964287981	   0.879375983
   1.115567978	   1.303447975	   0.891575983
   1.070183979	   1.653343968	   0.866199983
   1.016015980	   2.055943960	   0.984295981
   0.977463981	   2.527351951	   1.172663977
   0.978927981	   2.897743944	   1.353711974
   0.937935982	   3.093919940	   1.457655972
   0.869615983	   3.161263939	   1.437647972
   0.856927983	   3.068055941	   1.414711973
   0.881815983	   2.914335944	   1.388359973
   0.915975982	   2.801607946	   1.458631972
   0.917927982	   2.590303950	   1.467415972
   0.908655982	   2.186239958	   1.335167974
   0.953551982	   1.731911967	   1.196087977
   0.995031981	   1.309791975	   1.087263979
   0.993079981	   0.956479982	   1.010647980
   0.913535982	   0.687591987	   0.911583982
   0.794951985	   0.474335991	   0.848143984
   0.701255986	   0.321591994	   0.824719984
   0.617807988	   0.185439996	   0.792511985
   0.592919989	   0.052215999	   0.763231985
   0.621711988	  -0.085399998	   0.850095984
   0.604631988	  -0.277671995	   0.974535981
   0.480679991	  -0.630495988	   0.843263984
   0.259127995	  -1.006255981	   0.572423989
   0.082959998	  -1.360055974	   0.447007991
   0.071735999	  -1.604055969	   0.566567989
   0.163479997	  -1.777783966	   0.803247984
   0.228871996	  -2.001287961	   0.977951981
   0.216671996	  -2.254071957	   0.955991982
   0.064903999	  -2.466351952	   0.803735984
  -0.100527998	  -2.675703948	   0.669535987
  -0.200567996	  -2.808927946	   0.644159988
  -0.236679995	  -2.873343945	   0.660263987
  -0.209351996	  -2.828447945	   0.691983987
  -0.191783996	  -2.679607948	   0.692959987
  -0.205447996	  -2.426823953	   0.646111988
  -0.173239997	  -2.093519960	   0.636839988
  -0.114679998	  -1.819263965	   0.646111988
  -0.054655999	  -1.574775970	   0.634887988
   0.073199999	  -1.373231973	   0.640743988
   0.182023996	  -1.205359977	   0.727607986
   0.284503995	  -1.018943980	   0.834967984
   0.384543993	  -0.876935983	   0.833503984
   0.509471990	  -0.700279986	   0.794463985
   0.616831988	  -0.463111991	   0.784703985
   0.724191986	  -0.193247996	   0.804223984
   0.783727985	   0.093695998	   0.796903985
   0.820327984	   0.410895992	   0.869615983
   0.879375983	   0.744687986	   1.016991980
   0.929151982	   1.034559980	   1.012111980
   0.906215983	   1.385431973	   0.998935981
   0.885231983	   1.889047964	   1.129231978
   0.865711983	   2.472695952	   1.330287974
   0.841799984	   2.976799943	   1.569407970
   0.823743984	   3.239831937	   1.634799968
   0.882791983	   3.231535938	   1.565991970
   0.940375982	   3.262279937	   1.633823968
   0.907191982	   3.243247937	   1.608447969
   0.872055983	   3.045119941	   1.447895972
   0.883279983	   2.713767948	   1.300519975
   0.958919981	   2.254071957	   1.179983977
   1.025775980	   1.770951966	   1.093119979
   1.032119980	   1.371767974	   0.972095981
   0.992103981	   1.013575980	   0.847167984
   0.948671982	   0.702231986	   0.724191986
   0.918903982	   0.468479991	   0.692959987
   0.926223982	   0.299631994	   0.813007984
   0.958431982	   0.193247996	   1.052615980
   0.826183984	  -0.081007998	   1.037975980
   0.674415987	  -0.478727991	   0.885719983
   0.491903991	  -0.887671983	   0.766159985
   0.314759994	  -1.345903974	   0.689543987
   0.281087995	  -1.745575966	   0.743223986
   0.327935994	  -2.003239961	   0.936471982
   0.330863994	  -2.193559958	   1.045783980
   0.232775996	  -2.417551953	   0.943791982
   0.058559999	  -2.552239951	   0.844239984
  -0.144447997	  -2.663503949	   0.763719985
  -0.283527995	  -2.770375947	   0.723215986
  -0.325007994	  -2.882615944	   0.702719986
  -0.320615994	  -2.933367943	   0.630495988
  -0.305487994	  -2.836255945	   0.526063990
  -0.341111993	  -2.640567949	   0.394791992
  -0.351847993	  -2.374119954	   0.316223994
  -0.284015995	  -2.080831960	   0.321591994
  -0.160551997	  -1.813407965	   0.415287992
  -0.007320000	  -1.642119968	   0.520695990
   0.129319998	  -1.497183971	   0.573399989
   0.278647995	  -1.371279974	   0.640743988
   0.449935991	  -1.190231977	   0.661727987
   0.586575989	  -0.949647982	   0.649527987
   0.695887987	  -0.655383987	   0.696863987
   0.743711986	  -0.279623995	   0.843263984
   0.827159984	   0.144447997	   1.008207981
   0.907191982	   0.553391989	   1.133135978
   0.950623982	   0.840823984	   1.159975978
   0.963311981	   1.049199980	   1.096047979
   0.912071982	   1.266359976	   1.026263980
   0.891087983	   1.555743970	   1.088727979
   0.898407983	   1.976887962	   1.283439975
   0.871567983	   2.403887954	   1.495231971
   0.803247984	   2.728895947	   1.646023968
   0.689543987	   2.892375944	   1.699215967
   0.594871989	   2.902135944	   1.635775968
   0.568031989	   2.835279945	   1.613327969
   0.567543989	   2.721575947	   1.582583969
   0.547047989	   2.499047952	   1.518655971
   0.539727990	   2.187215958	   1.390799973
   0.581695989	   1.813407965	   1.256599976
   0.635375988	   1.443503972	   1.122887978
   0.589503989	   1.058471980	   0.977951981
   0.519231990	   0.722239986	   0.836919984
   0.463111991	   0.460183991	   0.744687986
   0.370879993	   0.265471995	   0.705159986
   0.302071994	   0.121511998	   0.709063986
   0.276695995	   0.017080000	   0.805687984
   0.326471994	  -0.092719998	   0.947695982
   0.290847994	  -0.300119994	   0.929151982
   0.169823997	  -0.646599988	   0.708575986
  -0.014152000	  -1.043343980	   0.447495991
  -0.144447997	  -1.314671975	   0.384543993
  -0.137615997	  -1.506943971	   0.469943991
  -0.108823998	  -1.698239967	   0.604143988
  -0.162015997	  -1.872455964	   0.612927988
  -0.239607995	  -2.096447960	   0.561199989
  -0.229359996	  -2.277983956	   0.534847990
  -0.209351996	  -2.412671953	   0.508007990
  -0.227407996	  -2.527839951	   0.435783992
  -0.230823996	  -2.564927951	   0.354287993
  -0.241559995	  -2.570295950	   0.390887992
  -0.182511996	  -2.389735954	   0.501175990
  -0.060511999	  -2.175991958	   0.601703988
   0.024888000	  -1.951511962	   0.676367987
   0.133711997	  -1.738255966	   0.819351984
   0.256687995	  -1.483519971	   0.987711981
   0.367951993	  -1.267335976	   1.032119980
   0.443591991	  -1.106295979	   0.968191981
   0.526063990	  -0.914511982	   0.904263983
   0.596823988	  -0.670511987	   0.894015983
   0.689543987	  -0.419191992	   0.946231982
   0.782751985	  -0.122487998	   1.050175980
   0.876447983	   0.173727997	   1.132647978
   0.916463982	   0.503615990	   1.199991977
   0.916463982	   0.902311983	   1.270751975
   0.912071982	   1.295151975	   1.338583974
   0.849607984	   1.704095967	   1.306375975
   0.763719985	   2.091079960	   1.284903975
   0.666607987	   2.471719952	   1.297103975
   0.617319988	   2.757199947	   1.326871974
   0.584135989	   2.949471943	   1.371279974
   0.516791990	   3.094407940	   1.347855974
   0.455303991	   3.131495940	   1.256111976
   0.509959990	   3.085135940	   1.271727975
   0.589015989	   2.959719943	   1.277095975
   0.551439989	   2.624951949	   1.143871978
   0.616343988	   2.176967958	   1.011135980
   0.750543986	   1.761191966	   0.951599982
   0.807639984	   1.382015973	   0.889135983
   0.765671985	   1.059935980	   0.813983984
   0.689055987	   0.824231984	   0.771039985
   0.622687988	   0.640255988	   0.746639986
   0.545583989	   0.515327990	   0.727607986
   0.575839989	   0.486047991	   0.869615983
   0.554855989	   0.335255994	   0.918415982
   0.479215991	  -0.012200000	   0.850095984
   0.402599992	  -0.403087992	   0.768599985
   0.263519995	  -0.766159985	   0.669535987
   0.160063997	  -1.126791978	   0.545095989
   0.179095997	  -1.474735972	   0.549487989
   0.186415996	  -1.834391965	   0.683199987
   0.135663997	  -2.061799960	   0.799831985
   0.068319999	  -2.317023955	   0.815935984
  -0.019520000	  -2.614703950	   0.669047987
  -0.085887998	  -2.866999945	   0.569495989
  -0.186415996	  -3.094895940	   0.536799990
  -0.307439994	  -3.214943938	   0.457255991
  -0.367463993	  -3.192983938	   0.518255990
  -0.358679993	  -2.962647943	   0.622199988
  -0.241559995	  -2.602991950	   0.711015986
  -0.158111997	  -2.277495956	   0.731999986
  -0.126391998	  -2.007143961	   0.747615986
  -0.050263999	  -1.813407965	   0.741271986
   0.069783999	  -1.695799967	   0.708087986
   0.181047997	  -1.605519969	   0.634887988
   0.315247994	  -1.443015972	   0.628055988
   0.503615990	  -1.299055975	   0.691495987
   0.711503986	  -1.077991979	   0.799343985
   0.831551984	  -0.841799984	   0.880351983
   0.880351983	  -0.629031988	   0.923783982
   0.991127981	  -0.416751992	   0.953063982
   1.088727979	  -0.150303997	   0.967703981
   1.163391978	   0.167383997	   0.965263981
   1.179983977	   0.542655990	   1.058959980
   1.209751977	   0.934519982	   1.157535978
   1.193647977	   1.289295975	   1.179983977
   1.091167979	   1.626015969	   1.153631978
   0.994543981	   2.027639961	   1.209751977
   1.013087980	   2.506367952	   1.347855974
   1.009183981	   2.860655945	   1.497671971
   0.936471982	   3.153943939	   1.576727970
   0.854487984	   3.332551936	   1.620159969
   0.771527985	   3.377447935	   1.521095971
   0.776407985	   3.278871937	   1.415199973
   0.814471984	   3.129543940	   1.363959974
   0.783239985	   2.928975943	   1.380063973
   0.777871985	   2.565903950	   1.324431974
   0.880839983	   2.098887959	   1.215607977
   0.984783981	   1.619183969	   1.077015979
   0.961847981	   1.166807977	   0.883767983
   0.870103983	   0.715895986	   0.749079986
   0.773967985	   0.410895992	   0.671487987
   0.638303988	   0.186903996	   0.620735988
   0.520207990	  -0.005368000	   0.608047988
   0.498735990	  -0.216183996	   0.628543988
   0.539239990	  -0.446031991	   0.700767986
   0.499711990	  -0.652455987	   0.899871983
   0.347943993	  -0.912071982	   0.954527982
   0.170311997	  -1.288319975	   0.842287984
  -0.024400000	  -1.698727967	   0.722727986
  -0.078567998	  -2.171599958	   0.608535988
  -0.145911997	  -2.614703950	   0.504103990
  -0.235703995	  -2.927023944	   0.489951991
  -0.257663995	  -3.084647940	   0.563639989
  -0.257175995	  -3.155895939	   0.599751988
  -0.266447995	  -3.133447940	   0.623175988
  -0.374295993	  -3.027063942	   0.618295988
  -0.426999992	  -2.856263945	   0.630007988
  -0.381615993	  -2.625439949	   0.677343987
  -0.277671995	  -2.374607954	   0.706135986
  -0.176655997	  -2.123287959	   0.731511986
  -0.039527999	  -1.883679964	   0.727607986
   0.066855999	  -1.656759968	   0.739319986
   0.174703997	  -1.454727972	   0.749567986
   0.296703994	  -1.267823976	   0.776407985
   0.441151991	  -1.098487979	   0.770551985
   0.597311988	  -0.899871983	   0.790559985
   0.636351988	  -0.739319986	   0.756399985
   0.776895985	  -0.527039990	   0.759815985
   0.908167982	  -0.334767994	   0.741759986
   1.033583980	  -0.101015998	   0.742247986
   1.169735977	   0.248391995	   0.810567984
   1.289295975	   0.693447987	   0.935007982
   1.346879974	   1.199015977	   1.076527979
   1.314183975	   1.664567968	   1.141919978
   1.239031976	   2.029103961	   1.153631978
   1.139479978	   2.351183955	   1.167295977
   1.121911978	   2.722063947	   1.342975974
   1.166319977	   3.134911940	   1.645047968
   1.158023978	   3.452599933	   1.815359965
   1.103855979	   3.608271930	   1.818287965
   1.030655980	   3.616079930	   1.758263966
   0.982831981	   3.454063933	   1.627967969
   1.024799980	   3.159799939	   1.513775971
   1.154607978	   2.797703946	   1.465463972
   1.267823976	   2.373143954	   1.390311973
   1.314671975	   1.894903963	   1.251231976
   1.294175975	   1.454727972	   1.063351979
   1.271239975	   1.101415979	   0.907191982
   1.179983977	   0.778359985	   0.785191985
   1.034559980	   0.493367990	   0.663191987
   0.943303982	   0.264495995	   0.655871987
   0.829599984	   0.026839999	   0.669535987
   0.790559985	  -0.152255997	   0.761279985
   0.773967985	  -0.419679992	   0.814471984
   0.656359987	  -0.789583985	   0.727607986
   0.565103989	  -1.200479977	   0.658311987
   0.505079990	  -1.484007971	   0.646599988
   0.376735993	  -1.846103964	   0.730535986
   0.211791996	  -2.288719956	   0.680759987
   0.154207997	  -2.773791946	   0.635863988
   0.003904000	  -3.367687935	   0.609023988
  -0.161039997	  -3.707335928	   0.611463988
  -0.216671996	  -3.847879926	   0.590967989
  -0.203007996	  -3.870815925	   0.468479991
  -0.299631994	  -3.718559928	   0.390399992
  -0.508007990	  -3.320839936	   0.501663990
  -0.584623989	  -2.835279945	   0.611463988
  -0.551927989	  -2.488799952	   0.472871991
  -0.503615990	  -2.192583958	   0.400647992
  -0.385519993	  -2.006167961	   0.390887992
  -0.191783996	  -1.856839964	   0.368439993
  -0.003904000	  -1.681647968	   0.396743992
   0.235215995	  -1.452287972	   0.500687990
   0.496295990	  -1.260991976	   0.635375988
   0.682711987	  -1.154119978	   0.685639987
   0.881327983	  -0.986247981	   0.718823986
   1.001863981	  -0.744199986	   0.760791985
   1.127767978	  -0.519719990	   0.783727985
   1.338583974	  -0.201055996	   0.854975984
   1.487911971	   0.255223995	   0.885231983
   1.545007970	   0.806175984	   0.895967983
   1.599663969	   1.501575971	   0.975999981
   1.579655970	   2.309703955	   1.145335978
   1.456679972	   2.985095942	   1.249767976
   1.350783974	   3.538975932	   1.394215973
   1.370303974	   4.050399922	   1.679207968
   1.370791974	   4.352471916	   1.868551964
   1.269775975	   4.392487915	   1.812431965
   1.221463976	   4.186551919	   1.622599969
   1.243423976	   3.973295923	   1.573311970
   1.184863977	   3.614127930	   1.487911971
   1.199991977	   3.018767942	   1.286367975
   1.318087975	   2.405351954	   1.138503978
   1.429839972	   1.893439963	   1.045295980
   1.416175973	   1.458631972	   0.944279982
   1.284903975	   1.049687980	   0.778359985
   1.160951978	   0.704671986	   0.650503987
   0.966239981	   0.403575992	   0.556807989
   0.792511985	   0.080519998	   0.473359991
   0.705159986	  -0.162991997	   0.523135990
   0.683687987	  -0.455303991	   0.574863989
   0.732487986	  -0.763719985	   0.705159986
   0.706623986	  -1.090679979	   0.753471985
   0.462623991	  -1.603079969	   0.607559988
   0.227895996	  -2.188191958	   0.392351992
   0.191783996	  -2.685951948	   0.441151991
   0.234727995	  -3.135887939	   0.525575990
   0.168847997	  -3.614127930	   0.684175987
   0.107359998	  -4.008919923	   0.729071986
   0.086375998	  -4.242183918	   0.693447987
   0.001952000	  -4.348079916	   0.636351988
  -0.255711995	  -4.173375919	   0.495319990
  -0.389423992	  -3.682935929	   0.610487988
  -0.427487992	  -3.145159939	   0.624639988
  -0.434319992	  -2.717183948	   0.483607991
  -0.381127993	  -2.416087953	   0.364535993
  -0.190807996	  -2.211127957	   0.332815994
   0.081007998	  -2.012511961	   0.404551992
   0.382591993	  -1.748503966	   0.542655990
   0.620735988	  -1.465463972	   0.627079988
   0.820815984	  -1.297103975	   0.575351989
   0.969655981	  -1.121911978	   0.506055990
   1.011623980	  -0.916951982	   0.401135992
   1.127279978	  -0.697839987	   0.389911992
   1.362983974	  -0.389423992	   0.443591991
   1.552815970	  -0.023912000	   0.548511989
   1.639679968	   0.419679992	   0.666607987
   1.733863967	   0.954527982	   0.809591984
   1.885143964	   1.674815968	   0.987711981
   1.915887963	   2.351671955	   1.284903975
   1.791447965	   2.945079943	   1.429351972
   1.670423968	   3.394039935	   1.700191967
   1.611863969	   3.766383927	   1.955903962
   1.618207969	   4.133359920	   2.177455958
   1.511335971	   4.375407916	   2.237479957
   1.407391973	   4.468127914	   2.101815959
   1.404951973	   4.518879913	   2.071071960
   1.372743974	   4.377847916	   2.007631961
   1.384943973	   3.806399927	   1.670423968
   1.622599969	   3.079279941	   1.341023974
   1.755823966	   2.276031956	   1.120935978
   1.701655967	   1.565503970	   0.877911983
   1.530855970	   1.097511979	   0.618783988
   1.329311974	   0.772991985	   0.473847991
   1.208775977	   0.484583991	   0.369903993
   1.162903978	   0.222527996	   0.326471994
   1.085799979	   0.059535999	   0.433343992
   1.100927979	  -0.056119999	   0.720287986
   1.125327978	  -0.067831999	   1.026263980
   0.897431983	  -0.327447994	   0.962335981
   0.686127987	  -0.894015983	   0.680271987
   0.574863989	  -1.435695972	   0.361607993
   0.360631993	  -1.968591962	   0.047823999
   0.074175999	  -2.195999958	   0.002928000
  -0.093695998	  -2.347279955	   0.188855996
  -0.001464000	  -2.567367950	   0.441639991
   0.118583998	  -2.878711944	   0.650503987
  -0.061487999	  -3.253983937	   0.646599988
  -0.332815994	  -3.685375929	   0.273279995
  -0.703695986	  -4.281223917	  -0.213743996
  -0.895967983	  -4.500335913	  -0.391863992
  -0.757863985	  -4.379311915	  -0.261079995
  -0.571935989	  -3.897167925	   0.103943998
  -0.406503992	  -3.385743935	   0.221063996
  -0.270351995	  -2.958743943	   0.243999995
  -0.216183996	  -2.621535949	   0.393327992
  -0.040015999	  -2.354599955	   0.498735990
   0.195687996	  -2.312143955	   0.544607989
   0.390399992	  -2.301895956	   0.413335992
   0.647087988	  -2.144759959	   0.369415993
   0.891087983	  -1.936383963	   0.373807993
   1.102879979	  -1.778759966	   0.409919992
   1.412271973	  -1.481079971	   0.551439989
   1.616255969	  -1.126303978	   0.709063986
   1.676279968	  -0.871079983	   0.627079988
   1.836831965	  -0.728095986	   0.588039989
   1.961271962	  -0.582671989	   0.695887987
   2.181847958	  -0.316223994	   0.778359985
   2.368263954	   0.242535995	   0.864735983
   2.307263955	   0.891575983	   0.992591981
   2.168183958	   1.511823971	   0.910607982
   2.163791958	   2.246263957	   0.964775981
   2.195023958	   3.028039942	   1.340535974
   2.084735960	   3.577039931	   1.687503967
   1.902223963	   3.951335924	   1.826583965
   1.762655966	   4.296351917	   1.906127963
   1.579167970	   4.588175911	   1.893439963
   1.458143972	   4.763855908	   1.849519964
   1.531831970	   4.888783906	   1.899295963
   1.525975971	   4.738479909	   1.935895963
   1.546471970	   4.166055920	   1.717271967
   1.663591968	   3.507255932	   1.503039971
   1.841711964	   2.852359945	   1.281487975
   1.969567962	   2.083759960	   1.112151979
   2.092543960	   1.460095972	   0.921343982
   2.040815961	   0.929639982	   0.820815984
   1.840247964	   0.530455990	   0.639279988
   1.614791969	   0.304999994	   0.516303990
   1.428863972	   0.038063999	   0.517279990
   1.397631973	  -0.264007995	   0.510447990
   1.301983975	  -0.573399989	   0.528991990
   1.222439976	  -0.784703985	   0.623663988
   1.191207977	  -0.755423985	   0.828135984
   0.894015983	  -0.844239984	   0.808615984
   0.567543989	  -1.130207978	   0.616831988
   0.524599990	  -1.496207971	   0.538751990
   0.454815991	  -2.042279961	   0.435783992
   0.301095994	  -2.455127953	   0.408455992
   0.049775999	  -2.745975947	   0.458719991
  -0.141031997	  -2.910919944	   0.362095993
  -0.245463995	  -3.105143940	   0.323055994
  -0.317199994	  -3.388183935	   0.162503997
  -0.453351991	  -3.635599930	   0.026351999
  -0.670023987	  -3.904487925	  -0.168359997
  -0.912559982	  -3.869351925	  -0.066855999
  -0.840823984	  -3.674151929	   0.166407997
  -0.563639989	  -3.403311934	   0.316711994
  -0.416751992	  -3.160775939	   0.337207993
  -0.227895996	  -2.913359944	   0.249367995
  -0.090279998	  -2.769399947	   0.249855995
   0.050751999	  -2.550775951	   0.260103995
   0.300119994	  -2.263831956	   0.373319993
   0.610487988	  -2.098887959	   0.499711990
   0.807151984	  -1.950535962	   0.519719990
   0.902311983	  -1.860743964	   0.407479992
   1.097511979	  -1.669447968	   0.320615994
   1.276119975	  -1.316135975	   0.231799996
   1.466439972	  -0.867175983	   0.245463995
   1.568919970	  -0.274255995	   0.434807992
   1.806575965	   0.300119994	   0.651967987
   1.918815963	   0.679783987	   0.860831983
   1.974447962	   1.055543980	   1.075063979
   2.091567960	   1.536223970	   1.241471976
   2.145735959	   1.902711963	   1.346391974
   2.063751960	   2.197951958	   1.380063973
   1.905639963	   2.503927952	   1.456191972
   1.865623964	   2.932879943	   1.784127966
   1.885631964	   3.410143934	   2.086199960
   1.712879967	   3.735151928	   2.133535959
   1.582583969	   3.928887924	   2.092055960
   1.658223968	   4.197287919	   2.185751958
   1.574287970	   4.328071916	   2.193071958
   1.320527975	   4.071383921	   1.958343962
   1.260503976	   3.590703931	   1.647975968
   1.459607972	   3.004127942	   1.474247972
   1.686039967	   2.370215954	   1.295151975
   1.778759966	   1.750455966	   1.093607979
   1.628943969	   1.184863977	   0.897919983
   1.340047974	   0.739807986	   0.688567987
   1.051151980	   0.466527991	   0.616831988
   0.816911984	   0.313295994	   0.623175988
   0.654407987	   0.144935997	   0.648063987
   0.551439989	  -0.014152000	   0.601215988
   0.536799990	  -0.195687996	   0.591943989
   0.576815989	  -0.468967991	   0.542167990
   0.448959991	  -0.729071986	   0.294751994
   0.151279997	  -1.033095980	   0.096135998
  -0.044895999	  -1.526463971	   0.103943998
   0.005856000	  -2.021295961	   0.248391995
   0.019032000	  -2.526375951	   0.369415993
   0.021472000	  -2.868463945	   0.523623990
   0.093695998	  -3.246663937	   0.586087989
   0.090767998	  -3.708799928	   0.390399992
   0.052703999	  -4.127991920	   0.212767996
  -0.038551999	  -4.504727913	   0.089791998
   0.020984000	  -4.477887914	   0.297191994
   0.009760000	  -4.097247921	   0.522159990
   0.028791999	  -3.492127933	   0.661727987
   0.058559999	  -2.878711944	   0.519719990
   0.050751999	  -2.324343955	   0.403087992
   0.075639999	  -1.963711962	   0.342087993
   0.190319996	  -1.764607966	   0.321103994
   0.448471991	  -1.603567969	   0.407967992
   0.670023987	  -1.513775971	   0.540703990
   0.825695984	  -1.351271974	   0.535823990
   0.922807982	  -1.097511979	   0.536799990
   1.073599979	  -0.798367985	   0.613415988
   1.231223976	  -0.539727990	   0.738831986
   1.304911975	  -0.300119994	   0.828623984
   1.384943973	  -0.030743999	   0.975023981
   1.527927971	   0.292799994	   1.092143979
   1.579655970	   0.757863985	   1.092631979
   1.479127971	   1.245375976	   1.059935980
   1.457167972	   1.810967965	   1.118007978
   1.413247973	   2.354599955	   1.210727977
   1.253671976	   2.727919947	   1.210239977
   1.134111978	   3.114903940	   1.338095974
   1.126791978	   3.493103933	   1.545495970
   1.092143979	   3.866423925	   1.594783969
   0.971607981	   4.103103921	   1.515727971
   1.055055980	   4.224127918	   1.480103971
   1.134111978	   4.233887918	   1.479127971
   1.088727979	   3.811767926	   1.297103975
   1.156559978	   3.322791936	   1.198527977
   1.231223976	   2.898719944	   1.226831976
   1.200967977	   2.448295953	   1.094583979
   1.138503978	   1.819263965	   0.921831982
   1.136551978	   1.293199975	   0.716871986
   1.124351978	   0.871567983	   0.599751988
   1.071159979	   0.604631988	   0.578767989
   0.962335981	   0.328423994	   0.611951988
   0.801783985	   0.114191998	   0.529967990
   0.650015987	  -0.179583997	   0.390887992
   0.561199989	  -0.398207992	   0.266447995
   0.475311991	  -0.549975989	   0.223991996
   0.391375992	  -0.725167986	   0.229359996
   0.400647992	  -0.894015983	   0.468479991
   0.284503995	  -1.072623979	   0.672951987
   0.048311999	  -1.403487973	   0.649527987
  -0.044895999	  -1.822191965	   0.570959989
   0.030255999	  -2.339471955	   0.498247990
  -0.022448000	  -2.892863944	   0.295727994
  -0.081495998	  -3.352559935	   0.310855994
  -0.077103999	  -3.690743929	   0.478239991
  -0.037575999	  -3.932791924	   0.502639990
  -0.164943997	  -3.885943925	   0.668559987
  -0.303047994	  -3.669759929	   0.750055986
  -0.307439994	  -3.339383936	   0.731999986
  -0.301095994	  -2.980703942	   0.629519988
  -0.296215994	  -2.604455950	   0.531919990
  -0.188367996	  -2.293111956	   0.523623990
   0.011712000	  -2.079855960	   0.620247988
   0.300119994	  -1.911495963	   0.760791985
   0.570959989	  -1.802671965	   0.856439983
   0.826671984	  -1.637727968	   0.911583982
   0.979415981	  -1.444967972	   0.917927982
   1.060911980	  -1.249767976	   0.783239985
   1.153143978	  -0.935007982	   0.745663986
   1.285391975	  -0.569007989	   0.774943985
   1.335655974	  -0.233751995	   0.717847986
   1.453751972	   0.190319996	   0.745663986
   1.631871969	   0.793487985	   1.019431980
   1.857327964	   1.418127973	   1.218047976
   1.941751963	   2.032519961	   1.262943976
   1.840735964	   2.643983949	   1.337119974
   1.729959967	   3.128567940	   1.458143972
   1.616743969	   3.615103930	   1.390311973
   1.625039969	   3.991351923	   1.437159972
   1.654319968	   4.442263914	   1.559159970
   1.545983970	   4.656495910	   1.683111968
   1.488399971	   4.504239913	   1.611863969
   1.426423972	   4.142631920	   1.478151971
   1.433255972	   3.533607932	   1.218535976
   1.497183971	   2.867487945	   1.008695981
   1.568431970	   2.219911957	   0.871567983
   1.550375970	   1.568919970	   0.742247986
   1.440087972	   1.005767981	   0.531431990
   1.253183976	   0.547047989	   0.388447993
   1.069695979	   0.257175995	   0.349895993
   0.909631982	   0.047823999	   0.358191993
   0.812519984	  -0.115167998	   0.432855992
   0.828623984	  -0.182023996	   0.574375989
   0.864735983	  -0.300607994	   0.766159985
   0.836431984	  -0.525087990	   0.833991984
   0.699303987	  -0.738343986	   0.657335987
   0.418703992	  -1.054567980	   0.491903991
   0.192271996	  -1.459607972	   0.245463995
  -0.043431999	  -1.866599964	   0.038551999
  -0.085887998	  -2.151103958	   0.116143998
   0.054167999	  -2.384855954	   0.342575993
   0.081495998	  -2.720111948	   0.570959989
   0.001952000	  -2.934343943	   0.778847985
   0.045383999	  -3.226655938	   0.830087984
  -0.107359998	  -3.509207932	   0.617807988
  -0.290359994	  -3.541903932	   0.601215988
  -0.342575993	  -3.619495930	   0.415775992
  -0.471407991	  -3.319375936	   0.562663989
  -0.467503991	  -2.991439942	   0.638791988
  -0.316711994	  -2.660087949	   0.586575989
  -0.218623996	  -2.391199954	   0.587551989
  -0.122487998	  -2.241383957	   0.629031988
   0.046359999	  -2.097911960	   0.647087988
   0.209839996	  -1.959319962	   0.710527986
   0.420167992	  -1.723127967	   0.798367985
   0.582183989	  -1.456679972	   0.824231984
   0.690031987	  -1.172175977	   0.743223986
   0.783239985	  -0.891087983	   0.617319988
   0.834479984	  -0.615367988	   0.554367989
   0.950623982	  -0.358191993	   0.594871989
   1.184863977	  -0.036111999	   0.761767985
   1.388847973	   0.315735994	   0.881815983
   1.518655971	   0.747127986	   0.929639982
   1.577703970	   1.322479974	   0.967215981
   1.570383970	   1.900759963	   1.022847980
   1.509383971	   2.403399954	   1.003327981
   1.456679972	   2.822591946	   1.111175979
   1.490839971	   3.239343937	   1.332727974
   1.523535971	   3.712703928	   1.522559971
   1.444967972	   3.904975925	   1.631383969
   1.338583974	   3.946943924	   1.511823971
   1.352735974	   3.891311925	   1.429839972
   1.312719975	   3.711239928	   1.391775973
   1.168271977	   3.252519937	   1.206823977
   1.167783977	   2.738655947	   1.047735980
   1.238055976	   2.203807957	   0.952087982
   1.245863976	   1.636751968	   0.804223984
   1.183399977	   1.136551978	   0.640255988
   1.022847980	   0.691983987	   0.600239988
   0.839359984	   0.415287992	   0.556807989
   0.670511987	   0.222527996	   0.551927989
   0.549975989	   0.105407998	   0.566567989
   0.551927989	  -0.013176000	   0.662703987
   0.559247989	  -0.173239997	   0.773479985
   0.496783990	  -0.419679992	   0.874007983
   0.353311993	  -0.695399987	   0.789583985
   0.120535998	  -1.070183979	   0.623663988
   0.019520000	  -1.420079973	   0.577791989
   0.113703998	  -1.739231966	   0.642695988
   0.055143999	  -2.113527959	   0.676855987
  -0.055631999	  -2.336055955	   0.651479987
  -0.114191998	  -2.590791950	   0.772015985
  -0.084911998	  -2.798191946	   0.890111983
  -0.068319999	  -3.068055941	   0.879863983
  -0.130783997	  -3.345239935	   0.786167985
  -0.261079995	  -3.434055934	   0.760791985
  -0.314271994	  -3.289119937	   0.813495984
  -0.296215994	  -2.943127943	   0.820815984
  -0.223015996	  -2.567855950	   0.765671985
  -0.187391996	  -2.229671957	   0.723215986
  -0.153231997	  -1.985671962	   0.711015986
  -0.046359999	  -1.864159964	   0.756399985
   0.122487998	  -1.767535966	   0.797879985
   0.270351995	  -1.648463968	   0.859855983
   0.402111992	  -1.458143972	   0.917439982
   0.597311988	  -1.236103976	   0.919879982
   0.784215985	  -1.011623980	   0.938423982
   0.973559981	  -0.890111983	   0.984783981
   1.125815978	  -0.721751986	   0.953063982
   1.247815976	  -0.517767990	   0.875959983
   1.360543974	  -0.309391994	   0.850095984
   1.458631972	   0.008296000	   0.797391985
   1.472783972	   0.430903992	   0.755423985
   1.468391972	   1.075063979	   0.800319985
   1.471807972	   1.758751966	   0.865711983
   1.455215972	   2.414135953	   0.893039983
   1.468879972	   3.070007941	   1.091167979
   1.485471971	   3.649263930	   1.323455974
   1.428863972	   4.024047922	   1.469367972
   1.292711975	   4.145071920	   1.410807973
   1.301495975	   4.118231921	   1.333215974
   1.307839975	   4.063087922	   1.300519975
   1.188279977	   3.784439927	   1.231223976
   1.059935980	   3.268135937	   1.089703979
   1.158511978	   2.829911945	   1.137527978
   1.315159975	   2.343863955	   1.209751977
   1.429839972	   1.804135965	   1.152655978
   1.388847973	   1.201455977	   1.052127980
   1.260991976	   0.713455986	   0.910119982
   1.062863979	   0.345503993	   0.792023985
   0.886207983	   0.083447998	   0.763231985
   0.733951986	  -0.088815998	   0.764695985
   0.655383987	  -0.229847996	   0.774455985
   0.686127987	  -0.341599993	   0.820815984
   0.681247987	  -0.375271993	   0.964775981
   0.512399990	  -0.478727991	   0.956967982
   0.336231994	  -0.740783986	   0.830575984
   0.226919996	  -0.935007982	   0.708575986
   0.111263998	  -1.006743981	   0.628543988
  -0.044895999	  -1.101903979	   0.617807988
  -0.131271997	  -1.260991976	   0.550951989
  -0.242047995	  -1.533295970	   0.405039992
  -0.381615993	  -1.787055966	   0.214231996
  -0.419191992	  -2.108647959	   0.065879999
  -0.398207992	  -2.300919956	   0.223015996
  -0.307439994	  -2.597623950	   0.339159993
  -0.290359994	  -2.858703945	   0.559735989
  -0.359655993	  -3.117831940	   0.650503987
  -0.446031991	  -3.354511935	   0.513375990
  -0.454327991	  -3.404287934	   0.325007994
  -0.387471993	  -3.344751935	   0.326471994
  -0.205935996	  -3.201279938	   0.410895992
  -0.007320000	  -3.005591942	   0.483119991
   0.115655998	  -2.803559946	   0.530455990
   0.157623997	  -2.630319949	   0.529967990
   0.233751995	  -2.496607952	   0.505079990
   0.344527993	  -2.364847954	   0.430903992
   0.519719990	  -2.244799957	   0.333791994
   0.859367983	  -2.044231961	   0.270839995
   1.073111979	  -1.792911965	   0.225455996
   1.162903978	  -1.338583974	   0.198615996
   1.286855975	  -0.819351984	   0.254247995
   1.499623971	  -0.186903996	   0.453839991
   1.658223968	   0.469943991	   0.669047987
   1.844639964	   1.099951979	   0.892063983
   1.983719962	   1.812431965	   1.049199980
   1.912959963	   2.401447954	   1.020407980
   1.684575967	   2.841623945	   0.935983982
   1.602103969	   3.249103937	   0.933055982
   1.645047968	   3.727343928	   1.171687977
   1.617719969	   4.148975920	   1.515239971
   1.569895970	   4.305135917	   1.756799966
   1.693359967	   4.304159917	   1.944679962
   1.767047966	   4.297815917	   2.034471961
   1.629431969	   3.977687923	   1.853911964
   1.476687972	   3.525799932	   1.603079969
   1.480591971	   3.073423941	   1.431791972
   1.544519970	   2.501487952	   1.284415975
   1.576727970	   1.886607964	   1.115567978
   1.539639970	   1.289295975	   0.920855982
   1.437647972	   0.828623984	   0.792999985
   1.299543975	   0.552415989	   0.730535986
   1.131183978	   0.356239993	   0.673439987
   0.962823981	   0.129807997	   0.613903988
   0.841799984	  -0.126879998	   0.584623989
   0.799343985	  -0.365999993	   0.543631990
   0.747615986	  -0.510935990	   0.529479990
   0.613415988	  -0.543631990	   0.605119988
   0.399671992	  -0.689055987	   0.628543988
   0.227895996	  -0.962335981	   0.561687989
   0.286455994	  -1.301007975	   0.551439989
   0.259127995	  -1.921255963	   0.416263992
   0.027815999	  -2.403399954	   0.369903993
  -0.089791998	  -2.745975947	   0.365023993
  -0.091743998	  -3.108559940	   0.531431990
   0.007320000	  -3.356951935	   0.703695986
   0.030255999	  -3.664879929	   0.695399987
  -0.118583998	  -3.866423925	   0.702231986
  -0.323543994	  -3.954263924	   0.562175989
  -0.426023992	  -3.712215928	   0.559247989
  -0.355751993	  -3.308639936	   0.628055988
  -0.255711995	  -2.899207944	   0.638303988
  -0.134687997	  -2.541503951	   0.643183988
   0.026351999	  -2.244311957	   0.663679987
   0.161039997	  -2.042767961	   0.629519988
   0.318175994	  -1.855375964	   0.596335988
   0.492879990	  -1.696775967	   0.602191988
   0.695887987	  -1.496207971	   0.613415988
   0.887183983	  -1.227807976	   0.678807987
   1.047735980	  -0.974047981	   0.595359989
   1.189743977	  -0.647575988	   0.549487989
   1.320527975	  -0.226431996	   0.697839987
   1.474735972	   0.271327995	   0.655383987
   1.569895970	   0.905239983	   0.734927986
   1.504503971	   1.501575971	   0.861807983
   1.512311971	   2.134511959	   0.965751981
   1.571359970	   2.792823946	   1.051639980
   1.664079968	   3.356463935	   1.214143977
   1.647975968	   3.902047925	   1.504503971
   1.556719970	   4.297327917	   1.722639967
   1.507919971	   4.462271914	   1.793399965
   1.520607971	   4.484719913	   1.825119965
   1.428863972	   4.257799918	   1.728007967
   1.312231975	   3.785903927	   1.524511971
   1.372255974	   3.251543937	   1.381039973
   1.485471971	   2.656671949	   1.233175976
   1.474247972	   1.997871961	   1.060423980
   1.344927974	   1.417151973	   0.878399983
   1.211215977	   0.973559981	   0.753471985
   1.075551979	   0.637327988	   0.650503987
   0.993079981	   0.370391993	   0.626103988
   0.944279982	   0.161039997	   0.619271988
   0.857415983	  -0.006832000	   0.632447988
   0.785191985	  -0.154207997	   0.703695986
   0.704183986	  -0.242047995	   0.773967985
   0.589991989	  -0.425535992	   0.744199986
   0.481655991	  -0.730535986	   0.680759987
   0.518255990	  -1.041391980	   0.696375987
   0.579255989	  -1.473759972	   0.648551987
   0.432367992	  -1.893927963	   0.574863989
   0.232775996	  -2.314095955	   0.454815991
   0.097599998	  -2.691319948	   0.372343993
   0.080519998	  -2.975335943	   0.342087993
  -0.016104000	  -3.170535939	   0.493855990
  -0.066367999	  -3.327183936	   0.662703987
  -0.111263998	  -3.493591933	   0.717847986
  -0.150791997	  -3.510183932	   0.699791986
  -0.151279997	  -3.311079936	   0.665143987
  -0.168359997	  -2.968015943	   0.693935987
  -0.169335997	  -2.591767950	   0.617807988
  -0.125903998	  -2.266271956	   0.557295989
  -0.109311998	  -2.085711960	   0.493367990
  -0.079055998	  -1.973959962	   0.437735992
   0.021472000	  -1.852935964	   0.417239992
   0.202519996	  -1.699215967	   0.474335991
   0.392839992	  -1.526951971	   0.537775990
   0.602191988	  -1.270751975	   0.609511988
   0.774943985	  -1.054567980	   0.641719988
   0.921831982	  -0.785679985	   0.663679987
   1.068719979	  -0.485559991	   0.674415987
   1.179007977	  -0.105407998	   0.682223987
   1.257575976	   0.340135993	   0.794463985
   1.418127973	   0.957943982	   0.881327983
   1.566479970	   1.745575966	   0.974535981
   1.591855969	   2.636663949	   0.986247981
   1.442039972	   3.485783933	   0.920367982
   1.284903975	   4.130431920	   0.998447981
   1.273191975	   4.553039912	   1.224879976
   1.355175974	   4.686751910	   1.375183973
   1.450823972	   4.685287910	   1.631871969
   1.408855973	   4.521319913	   1.722639967
   1.321015975	   4.091879921	   1.577703970
   1.312719975	   3.504327932	   1.406415973
   1.405927973	   2.834303945	   1.242935976
   1.423495973	   2.074975960	   1.101415979
   1.380551973	   1.343951974	   0.941351982
   1.288807975	   0.746639986	   0.843751984
   1.161927978	   0.324519994	   0.765671985
   0.962335981	   0.030255999	   0.696863987
   0.789583985	  -0.179095997	   0.640743988
   0.706135986	  -0.282063995	   0.630007988
   0.673927987	  -0.398207992	   0.694911987
   0.694423987	  -0.516303990	   0.825695984
   0.625615988	  -0.704183986	   0.828623984
   0.440663991	  -0.969655981	   0.708575986
   0.230823996	  -1.225367976	   0.515815990
   0.061975999	  -1.459119972	   0.344527993
   0.021960000	  -1.674327968	   0.347455993
   0.083935998	  -1.966151962	   0.427487992
   0.016592000	  -2.224303957	   0.490439991
   0.001464000	  -2.340447955	   0.666119987
   0.007320000	  -2.390223954	   0.824231984
  -0.002928000	  -2.550287951	   0.887183983
  -0.023424000	  -2.775255946	   0.923295982
  -0.032207999	  -2.981191942	   0.920855982
  -0.034159999	  -3.032919941	   0.874495983
  -0.108335998	  -2.877735944	   0.792511985
  -0.153719997	  -2.588839950	   0.673927987
  -0.187879996	  -2.317511955	   0.545095989
  -0.158111997	  -2.087175960	   0.483607991
  -0.060023999	  -1.879287964	   0.580719989
   0.114679998	  -1.671399968	   0.736391986
   0.338671993	  -1.443991972	   0.874007983
   0.519719990	  -1.188279977	   0.961359981
   0.643671988	  -0.942327982	   0.940375982
   0.670511987	  -0.699303987	   0.891087983
   0.729071986	  -0.456279991	   0.853511984
   0.815447984	  -0.336719994	   0.829599984
   0.945743982	  -0.198127996	   0.872055983
   1.120935978	  -0.016592000	   1.009671981
   1.239031976	   0.252783995	   1.088239979
   1.268799976	   0.604143988	   1.100927979
   1.276119975	   0.983807981	   0.991615981
   1.221951976	   1.386895973	   0.850095984
   1.085799979	   1.898319963	   0.780799985
   1.055543980	   2.589815950	   0.924271982
   1.156071978	   3.239831937	   1.146799978
   1.172663977	   3.730759928	   1.276607975
   1.084335979	   4.059671922	   1.364935974
   1.102879979	   4.317335917	   1.461559972
   1.120935978	   4.394927915	   1.559647970
   1.017967980	   4.187039919	   1.532319970
   0.937447982	   3.696111929	   1.307351975
   1.011135980	   3.094407940	   1.148751978
   1.090191979	   2.466351952	   0.939399982
   1.021383980	   1.752895966	   0.715407986
   0.945743982	   1.187303977	   0.611463988
   0.868639983	   0.802759985	   0.642207988
   0.795927985	   0.538263990	   0.666119987
   0.724679986	   0.244487995	   0.673439987
   0.703207986	  -0.073199999	   0.711991986
   0.684663987	  -0.374783993	   0.772503985
   0.723703986	  -0.638303988	   0.801295985
   0.630495988	  -0.939887982	   0.760791985
   0.372343993	  -1.300031975	   0.667583987
   0.262543995	  -1.564527970	   0.781775985
   0.365999993	  -1.847567964	   0.898895983
   0.304511994	  -2.261391956	   0.965263981
   0.221551996	  -2.552727951	   0.974047981
   0.038063999	  -2.978751943	   0.826671984
  -0.053679999	  -3.270575937	   0.691495987
  -0.122975998	  -3.445279934	   0.604631988
  -0.165919997	  -3.474559933	   0.617807988
  -0.188367996	  -3.316447936	   0.718335986
  -0.259615995	  -2.982167942	   0.815447984
  -0.305487994	  -2.654231949	   0.719311986
  -0.323055994	  -2.339959955	   0.633423988
  -0.295727994	  -2.124751959	   0.509471990
  -0.214719996	  -1.980303962	   0.329887994
  -0.084423998	  -1.919303963	   0.315247994
   0.092719998	  -1.884167964	   0.335255994
   0.312807994	  -1.716783967	   0.440175992
   0.571935989	  -1.494255971	   0.586575989
   0.787631985	  -1.221463976	   0.683199987
   1.026263980	  -0.844239984	   0.796903985
   1.115079978	  -0.598287988	   0.676367987
   1.156559978	  -0.347943993	   0.507519990
   1.185351977	  -0.006832000	   0.424071992
   1.254647976	   0.365999993	   0.487999991
   1.383967973	   0.838871984	   0.428951992
   1.390311973	   1.301495975	   0.553391989
   1.433255972	   1.937847963	   0.625615988
   1.566967970	   2.674239948	   0.866199983
   1.680671968	   3.270575937	   1.180471977
   1.679695968	   3.740031928	   1.434719972
   1.616255969	   4.080167921	   1.601127969
   1.519143971	   4.283175917	   1.633335968
   1.455703972	   4.275855917	   1.549887970
   1.548423970	   4.229007918	   1.551839970
   1.449359972	   4.032343922	   1.553303970
   1.278071975	   3.532143932	   1.361031974
   1.341511974	   2.983143942	   1.222927976
   1.463023972	   2.467815952	   1.182423977
   1.548911970	   1.932967963	   1.057007980
   1.498647971	   1.381527973	   0.933543982
   1.341999974	   0.876935983	   0.785191985
   1.198039977	   0.441151991	   0.648551987
   1.075551979	   0.158599997	   0.611463988
   0.940375982	  -0.051239999	   0.654895987
   0.826183984	  -0.241559995	   0.673927987
   0.733951986	  -0.432855992	   0.655871987
   0.655871987	  -0.577791989	   0.633423988
   0.538263990	  -0.730047986	   0.618783988
   0.456767991	  -0.894991983	   0.710527986
   0.427975992	  -1.096047979	   0.851559984
   0.445055991	  -1.404463973	   1.021383980
   0.417727992	  -1.827559965	   1.011135980
   0.302071994	  -2.450247953	   0.954527982
   0.186903996	  -3.007055942	   0.932567982
   0.105895998	  -3.530679932	   0.718335986
  -0.135663997	  -4.047471922	   0.509959990
  -0.207887996	  -4.187527919	   0.475799991
  -0.217647996	  -3.999647923	   0.581695989
  -0.233751995	  -3.595583931	   0.719311986
  -0.284015995	  -3.076351941	   0.828135984
  -0.315735994	  -2.562487951	   0.821303984
  -0.295239994	  -2.255047956	   0.676367987
  -0.219111996	  -2.090103960	   0.545095989
  -0.004392000	  -1.985671962	   0.505567990
   0.250343995	  -1.834879965	   0.506055990
   0.466039991	  -1.659687968	   0.525087990
   0.631471988	  -1.348831974	   0.561199989
   0.804223984	  -1.058959980	   0.587551989
   0.954039982	  -0.771039985	   0.543631990
   1.103367979	  -0.422607992	   0.488487991
   1.243911976	  -0.027327999	   0.459695991
   1.430815972	   0.410895992	   0.473359991
   1.607959969	   0.950135982	   0.591455989
   1.659687968	   1.494743971	   0.657335987
   1.626015969	   2.001287961	   0.691007987
   1.544031970	   2.498559952	   0.704183986
   1.493279971	   2.947519943	   0.747127986
   1.517679971	   3.380375935	   0.887183983
   1.500111971	   3.834703926	   1.044807980
   1.441551972	   4.249015918	   1.238543976
   1.352735974	   4.430551914	   1.289295975
   1.331263974	   4.425183915	   1.260991976
   1.399583973	   4.269511918	   1.289295975
   1.408367973	   3.909367925	   1.202919977
   1.338095974	   3.418927934	   1.038951980
   1.404951973	   2.860167945	   0.944279982
   1.541103970	   2.275543956	   0.796415985
   1.509871971	   1.678719968	   0.650015987
   1.371767974	   1.194623977	   0.510447990
   1.198527977	   0.789583985	   0.427487992
   1.027239980	   0.482631991	   0.393815992
   0.895479983	   0.279623995	   0.374295993
   0.770551985	   0.132247997	   0.336719994
   0.612927988	   0.021960000	   0.345015993
   0.508495990	  -0.071735999	   0.403087992
   0.436759992	  -0.178607997	   0.502639990
   0.453839991	  -0.349895993	   0.722727986
   0.484095991	  -0.569495989	   0.861807983
   0.485071991	  -0.884255983	   0.853511984
   0.304023994	  -1.431791972	   0.630007988
   0.097599998	  -1.763143966	   0.500687990
   0.072223999	  -2.056431960	   0.604631988
   0.189343996	  -2.248703957	   0.831063984
   0.253759995	  -2.493679952	   0.996495981
   0.156159997	  -2.744511947	   1.102391979
   0.092231998	  -3.050975941	   1.009183981
   0.005856000	  -3.339871936	   0.845215984
  -0.116631998	  -3.552151931	   0.695887987
  -0.255223995	  -3.555079931	   0.711991986
  -0.227895996	  -3.312055936	   0.839359984
  -0.075639999	  -3.028527942	   0.857903983
   0.007808000	  -2.676679948	   0.853023984
   0.043919999	  -2.364359954	   0.847167984
   0.129319998	  -2.121335959	   0.761279985
   0.221063996	  -1.949559962	   0.708087986
   0.365023993	  -1.778759966	   0.704183986
   0.556807989	  -1.588927969	   0.689055987
   0.700767986	  -1.362983974	   0.704183986
   0.889623983	  -1.169247977	   0.714919986
   1.058959980	  -0.969167981	   0.650991987
   1.183887977	  -0.727607986	   0.577303989
   1.287343975	  -0.449447991	   0.558271989
   1.405439973	  -0.108823998	   0.552903989
   1.551839970	   0.335255994	   0.691007987
   1.700191967	   0.831063984	   0.691007987
   1.696775967	   1.313695975	   0.749079986
   1.681159968	   1.865135964	   0.738831986
   1.713367967	   2.445367953	   0.736391986
   1.637727968	   2.979727942	   0.711503986
   1.546471970	   3.453087933	   0.843751984
   1.561111970	   3.896679925	   1.004303981
   1.566967970	   4.269023918	   1.165831978
   1.429351972	   4.425671915	   1.156559978
   1.339559974	   4.392487915	   1.154607978
   1.357615974	   4.183135919	   1.169735977
   1.330287974	   3.756135928	   1.093607979
   1.385431973	   3.216895938	   1.005767981
   1.548423970	   2.607871950	   0.982831981
   1.653831968	   1.989575962	   0.840823984
   1.570871970	   1.350295974	   0.685639987
   1.398119973	   0.866199983	   0.568519989
   1.201455977	   0.531919990	   0.524599990
   1.050663980	   0.311831994	   0.516303990
   0.947695982	   0.151767997	   0.577791989
   0.916951982	   0.010248000	   0.581695989
   0.866199983	  -0.091743998	   0.594383989
   0.755423985	  -0.201055996	   0.660751987
   0.726631986	  -0.393327992	   0.726631986
   0.699303987	  -0.630983988	   0.731023986
   0.472871991	  -0.899871983	   0.679783987
   0.163479997	  -1.411783973	   0.432855992
  -0.182511996	  -2.149639959	   0.146887997
  -0.512887990	  -2.776719946	   0.145911997
  -0.450911991	  -3.144671939	   0.786655985
  -0.086375998	  -3.602415930	   1.339071974
  -0.147375997	  -4.020143922	   1.311743975
  -0.392839992	  -4.189479919	   0.956479982
  -0.674903987	  -4.185575919	   0.633911988
  -0.930127982	  -3.802007927	   0.622199988
  -0.911583982	  -3.250079937	   0.782263985
  -0.761279985	  -2.777695946	   0.865223983
  -0.612439988	  -2.435607953	   0.875471983
  -0.425535992	  -2.165255958	   0.803247984
  -0.215207996	  -1.917839963	   0.757375985
   0.011712000	  -1.777783966	   0.697839987
   0.275719995	  -1.612839969	   0.675879987
   0.520695990	  -1.504503971	   0.669535987
   0.798855985	  -1.291247975	   0.759327985
   1.090191979	  -1.096535979	   0.694911987
   1.281487975	  -0.852047984	   0.670999987
   1.337607974	  -0.585599989	   0.802271985
   1.524023971	  -0.325007994	   0.801295985
   1.728983967	  -0.017568000	   0.717847986
   1.808527965	   0.404551992	   0.592919989
   1.882703964	   0.875959983	   0.439199992
   1.917839963	   1.475223972	   0.434319992
   1.875871964	   2.083759960	   0.598287988
   1.830975965	   2.610311950	   0.713455986
   1.874407964	   3.178831939	   0.952087982
   1.939799963	   3.740031928	   1.186327977
   1.948095962	   4.271951918	   1.410319973
   1.868063964	   4.542303912	   1.552327970
   1.813407965	   4.522783913	   1.579167970
   1.817799965	   4.393951915	   1.595271969
   1.647975968	   3.957191924	   1.361031974
   1.602591969	   3.347191935	   1.123863978
   1.642607968	   2.666431949	   0.893527983
   1.666519968	   1.951023962	   0.696863987
   1.571847970	   1.324431974	   0.590479989
   1.428375972	   0.881815983	   0.602679988
   1.301983975	   0.568519989	   0.652455987
   1.180471977	   0.314759994	   0.697351987
   1.032119980	   0.098087998	   0.761767985
   0.895967983	  -0.077103999	   0.759327985
   0.785191985	  -0.268399995	   0.683199987
   0.686127987	  -0.440663991	   0.630983988
   0.625615988	  -0.689055987	   0.584135989
   0.540703990	  -0.969167981	   0.458719991
   0.372343993	  -1.208775977	   0.310855994
   0.182511996	  -1.470343972	   0.213743996
   0.025376000	  -1.711415967	   0.200567996
   0.049775999	  -1.901735963	   0.368439993
   0.142983997	  -2.239431957	   0.621711988
   0.119559998	  -2.537599951	   0.637815988
   0.011224000	  -2.880663944	   0.683687987
  -0.020008000	  -3.176391939	   0.573399989
  -0.122975998	  -3.600951931	   0.294751994
  -0.222039996	  -3.855199926	   0.139567997
  -0.249367995	  -3.870815925	   0.100527998
  -0.241559995	  -3.527751932	   0.377711993
  -0.166407997	  -3.155407939	   0.550951989
  -0.144447997	  -2.830399945	   0.501175990
  -0.202519996	  -2.562975951	   0.430415992
  -0.130295997	  -2.307263955	   0.426023992
  -0.009760000	  -2.071559960	   0.436271992
   0.180559997	  -1.831463965	   0.436759992
   0.386007993	  -1.588927969	   0.447983991
   0.665631987	  -1.214631977	   0.526551990
   0.834967984	  -0.913047982	   0.640255988
   0.950135982	  -0.578279989	   0.729071986
   1.007231981	  -0.352823993	   0.881815983
   1.214631977	  -0.108335998	   0.782263985
   1.342975974	   0.086863998	   0.874007983
   1.544519970	   0.471407991	   0.968679981
   1.641631968	   1.054567980	   1.015527980
   1.668471968	   1.728983967	   0.966727981
   1.663103968	   2.438047953	   1.016991980
   1.679207968	   3.166143939	   1.134111978
   1.745575966	   3.930351924	   1.347367974
   1.802183965	   4.515951913	   1.700191967
   1.834391965	   4.872191906	   2.043255961
   1.814383965	   5.004439903	   2.268711956
   1.690431967	   4.793623907	   2.227719957
   1.599175969	   4.279759917	   1.962247962
   1.697263967	   3.636575930	   1.695311967
   1.769487966	   2.888959944	   1.351271974
   1.700679967	   2.060335960	   1.069695979
   1.592831969	   1.327359974	   0.839847984
   1.442527972	   0.766159985	   0.747127986
   1.279047975	   0.421631992	   0.739319986
   1.144847978	   0.178119997	   0.713455986
   1.057983980	  -0.055143999	   0.736879986
   1.064815979	  -0.184951996	   0.783239985
   1.084823979	  -0.267911995	   0.920855982
   1.096535979	  -0.399183992	   0.998447981
   0.811543984	  -0.893039983	   0.802759985
   0.523623990	  -1.426911972	   0.536799990
   0.454815991	  -1.965663962	   0.421631992
   0.567543989	  -2.538575951	   0.451887991
   0.594383989	  -2.958255943	   0.780311985
   0.608047988	  -3.191519938	   1.260991976
   0.514351990	  -3.573623931	   1.294175975
   0.281575995	  -4.028927922	   0.786167985
  -0.049775999	  -4.269511918	   0.355263993
  -0.389911992	  -4.333439916	   0.121511998
  -0.526063990	  -4.107007921	   0.103943998
  -0.464087991	  -3.664879929	   0.304999994
  -0.420167992	  -3.137351939	   0.412359992
  -0.483607991	  -2.745975947	   0.277671995
  -0.509959990	  -2.438047953	  -0.138103997
  -0.500687990	  -2.208199957	  -0.416751992
  -0.354775993	  -1.879287964	  -0.470919991
  -0.102479998	  -1.486447971	  -0.316711994
   0.146887997	  -1.114591978	  -0.089303998
   0.374783993	  -0.779335985	   0.151767997
   0.633911988	  -0.500199990	   0.351359993
   0.998935981	  -0.210327996	   0.589503989
   1.299055975	   0.172751997	   0.799343985
   1.453751972	   0.688567987	   0.863759983
   1.674815968	   1.541103970	   0.898407983
   1.729471967	   2.678143948	   0.840335984
   1.521583971	   3.542391932	   0.862783983
   1.446919972	   4.121647920	   0.937447982
   1.469367972	   4.587199911	   1.252695976
   1.503039971	   4.924895905	   1.681159968
   1.547935970	   4.931239905	   1.876359964
   1.580631969	   4.606719911	   1.838295965
   1.646023968	   4.217295919	   1.736791966
   1.575751970	   3.759063927	   1.537687970
   1.393727973	   3.155407939	   1.225367976
   1.196575977	   2.361431954	   0.908655982
   1.050175980	   1.640655968	   0.635375988
   0.922807982	   1.086775979	   0.488487991
   0.791047985	   0.723703986	   0.436759992
   0.721751986	   0.447495991	   0.394791992
   0.649039987	   0.301095994	   0.411871992
   0.442615991	   0.107847998	   0.425047992
   0.357703993	  -0.167871997	   0.390887992
   0.346479993	  -0.419679992	   0.368439993
   0.328911994	  -0.718335986	   0.381127993
   0.218135996	  -1.084335979	   0.400159992
   0.146399997	  -1.436183972	   0.472383991
   0.123463998	  -1.851959964	   0.386495993
   0.024400000	  -2.238455957	   0.350871993
   0.043431999	  -2.444879953	   0.379663993
   0.048799999	  -2.492215952	   0.459207991
  -0.133223997	  -2.450735953	   0.620735988
  -0.282551995	  -2.532719951	   0.707111986
  -0.277183995	  -2.718647948	   0.657823987
  -0.271815995	  -2.954839943	   0.653919987
  -0.307439994	  -3.052439941	   0.742735986
  -0.304511994	  -2.971919943	   0.798367985
  -0.288895994	  -2.709375948	   0.844727984
  -0.265471995	  -2.389735954	   0.838383984
  -0.234239995	  -2.147199959	   0.784215985
  -0.166407997	  -2.018855961	   0.703695986
  -0.115167998	  -1.971031962	   0.661239987
  -0.019032000	  -1.947119962	   0.637327988
   0.182023996	  -1.938335963	   0.637815988
   0.308415994	  -1.905151963	   0.665143987
   0.506055990	  -1.751431966	   0.712479986
   0.642695988	  -1.563551970	   0.664655987
   0.752007985	  -1.263919976	   0.602679988
   0.792999985	  -0.961359981	   0.563639989
   0.918415982	  -0.711015986	   0.555831989
   1.082383979	  -0.524599990	   0.576327989
   1.266847976	  -0.279135995	   0.606095988
   1.453751972	   0.060511999	   0.751519985
   1.587463969	   0.546071989	   0.945255982
   1.701167967	   0.986735981	   1.054567980
   1.727519967	   1.468391972	   1.064815979
   1.763143966	   2.001287961	   1.083847979
   1.746063966	   2.646911949	   1.252207976
   1.717271967	   3.209087938	   1.565991970
   1.745575966	   3.672199929	   1.807551965
   1.804623965	   4.057719922	   2.028127961
   1.795839965	   4.347103916	   2.248703957
   1.722151967	   4.410543915	   2.272127956
   1.681159968	   4.313431917	   2.117431959
   1.589903969	   4.058207922	   1.886119964
   1.522071971	   3.594119931	   1.603079969
   1.489863971	   3.002175942	   1.254159976
   1.384943973	   2.299455956	   0.996983981
   1.195111977	   1.539151970	   0.798367985
   1.146799978	   1.110199979	   0.719311986
   1.119471978	   0.776895985	   0.713455986
   1.003327981	   0.477751991	   0.676367987
   0.846679984	   0.156647997	   0.698327987
   0.785191985	  -0.222039996	   0.722727986
   0.718823986	  -0.548999989	   0.777383985
   0.587063989	  -0.932567982	   0.693447987
   0.489951991	  -1.382015973	   0.506543990
   0.513375990	  -1.951023962	   0.460671991
   0.592919989	  -2.502463952	   0.471895991
   0.508495990	  -3.198839938	   0.362583993
   0.297191994	  -3.713191928	   0.058559999
   0.121511998	  -4.168495920	  -0.118095998
   0.013664000	  -4.493503913	  -0.098575998
  -0.095159998	  -4.587687911	  -0.041479999
  -0.087351998	  -4.342711916	   0.096135998
  -0.031719999	  -3.836655926	   0.314759994
  -0.233751995	  -3.310591936	   0.176167997
  -0.341599993	  -2.767935947	   0.043431999
  -0.286455994	  -2.459031953	   0.007808000
  -0.175191997	  -2.256999956	  -0.074175999
   0.005368000	  -2.027639961	   0.035623999
   0.245951995	  -1.836343965	   0.198127996
   0.497759990	  -1.640167968	   0.178119997
   0.670999987	  -1.473271972	   0.137127997
   0.853999984	  -1.264895976	   0.149815997
   1.087751979	  -0.996007981	   0.268887995
   1.219023976	  -0.562663989	   0.548999989
   1.645535968	  -0.054167999	   0.591943989
   1.749967966	   0.678807987	   0.844239984
   1.740207966	   1.585999969	   0.993567981
   1.774855966	   2.503439952	   1.215607977
   1.986159962	   3.338407936	   1.505967971
   2.202831957	   4.056743922	   1.963223962
   2.212103957	   4.556455912	   2.433655953
   2.127679959	   4.814119907	   2.715231948
   2.086687960	   4.934655905	   2.802095946
   1.902223963	   4.819975907	   2.632271949
   1.691895967	   4.339783916	   2.260415956
   1.740695966	   3.722463928	   2.025199961
   1.837319965	   3.100263940	   1.896367963
   1.823655965	   2.358503954	   1.741671966
   1.818775965	   1.639679968	   1.476687972
   1.764119966	   0.974047981	   1.175103977
   1.635775968	   0.469455991	   0.965751981
   1.474247972	   0.121511998	   0.860831983
   1.294663975	  -0.162991997	   0.797879985
   1.083359979	  -0.353799993	   0.710527986
   0.875959983	  -0.482631991	   0.637327988
   0.756887985	  -0.590479989	   0.578279989
   0.790559985	  -0.728583986	   0.695399987
   0.852535984	  -0.758351985	   0.885231983
   0.752983985	  -0.871567983	   0.957943982
   0.750543986	  -1.092631979	   0.975511981
   0.717847986	  -1.368351974	   0.891087983
   0.530943990	  -1.647487968	   0.507031990
   0.217647996	  -1.953951962	   0.161039997
  -0.042943999	  -2.216007957	  -0.023424000
  -0.258639995	  -2.447807953	  -0.159575997
  -0.382103993	  -2.540527951	  -0.171287997
  -0.538751990	  -2.608359950	   0.050751999
  -0.309879994	  -2.921167944	  -0.162015997
  -0.640255988	  -3.047559941	   0.092719998
  -0.748591986	  -3.114903940	   0.062463999
  -0.774455985	  -3.215919938	  -0.124927998
  -1.032607980	  -3.180295939	  -0.100527998
  -1.221463976	  -2.861143945	  -0.057095999
  -1.146799978	  -2.389247954	   0.052703999
  -0.947207982	  -2.044719961	   0.111263998
  -0.731511986	  -1.840247964	   0.116631998
  -0.498247990	  -1.762167966	   0.156647997
  -0.280599995	  -1.732399967	   0.213255996
  -0.074175999	  -1.683111968	   0.233263995
   0.076615999	  -1.619183969	   0.205935996
   0.228871996	  -1.381527973	   0.187391996
   0.379663993	  -1.111175979	   0.173239997
   0.562663989	  -0.842775984	   0.188367996
   0.709551986	  -0.564615989	   0.228383996
   0.896943983	  -0.284503995	   0.393327992
   1.173639977	  -0.008296000	   0.611463988
   1.484495971	   0.338183993	   0.850095984
   1.748015966	   0.797879985	   1.077503979
   1.920767963	   1.389823973	   1.260503976
   2.005679961	   2.073511960	   1.394215973
   1.953951962	   2.783063946	   1.444479972
   1.804623965	   3.354511935	   1.593807969
   1.748991966	   3.866911925	   1.819751965
   1.757775966	   4.227055918	   2.035935961
   1.711415967	   4.359791916	   2.198439958
   1.707511967	   4.321239917	   2.258951956
   1.728983967	   4.135311920	   2.156471958
   1.703607967	   3.718071928	   1.931991963
   1.729959967	   3.126615940	   1.660663968
   1.734839967	   2.461959952	   1.372255974
   1.608447969	   1.801695965	   1.030655980
   1.344927974	   1.172175977	   0.684175987
   1.036999980	   0.800807985	   0.439687992
   0.795927985	   0.613415988	   0.400647992
   0.637815988	   0.407479992	   0.293775994
   0.452375991	   0.202519996	   0.340135993
   0.339159993	   0.141031997	   0.545583989
   0.523135990	  -0.086863998	   0.530455990
   0.382591993	  -0.289383994	   0.835943984
   0.453839991	  -0.653431987	   0.556807989
   0.227895996	  -1.024799980	   0.433831992
  -0.072711999	  -1.437647972	   0.203007996
  -0.191783996	  -1.804623965	   0.063927999
  -0.225455996	  -2.025199961	   0.233263995
  -0.141519997	  -2.341423955	   0.537775990
  -0.110287998	  -2.864071945	   0.596823988
  -0.231311996	  -3.334503936	   0.450423991
  -0.348919993	  -3.632671930	   0.267911995
  -0.451399991	  -3.692207929	   0.271815995
  -0.375759993	  -3.410143934	   0.566567989
  -0.372831993	  -3.009007942	   0.711015986
  -0.500687990	  -2.501975952	   0.749079986
  -0.488975991	  -2.068631960	   0.765671985
  -0.427487992	  -1.827071965	   0.693935987
  -0.324031994	  -1.575263970	   0.837407984
  -0.154695997	  -1.417639973	   0.938423982
  -0.028303999	  -1.357615974	   0.856927983
   0.057583999	  -1.269775975	   0.748591986
   0.258151995	  -1.091655979	   0.716383986
   0.417727992	  -0.814471984	   0.774455985
   0.515327990	  -0.405039992	   1.028215980
   0.939399982	  -0.216671996	   0.874983983
   0.894503983	  -0.062463999	   0.896943983
   1.051639980	   0.205935996	   1.052127980
   1.220975976	   0.533871990	   1.037487980
   1.322479974	   0.883767983	   1.062375979
   1.422519973	   1.074575979	   1.050663980
   1.555255970	   1.368351974	   1.078479979
   1.534759970	   1.736791966	   1.068719979
   1.513775971	   2.157935958	   1.108247979
   1.444479972	   2.522471951	   1.196575977
   1.384943973	   2.846015945	   1.231223976
   1.328823974	   3.064639941	   1.209751977
   1.333215974	   3.075863941	   1.204871977
   1.395191973	   3.121735940	   1.195599977
   1.316135975	   3.095383940	   1.205359977
   1.205359977	   2.890423944	   1.161439978
   1.128743978	   2.535159951	   1.004303981
   1.101903979	   2.133535959	   0.905239983
   1.064327979	   1.700191967	   0.792511985
   1.020895980	   1.344927974	   0.766159985
   0.955503982	   1.097999979	   0.798367985
   0.848631984	   0.900359983	   0.755911985
   0.737367986	   0.713943986	   0.683687987
   0.693935987	   0.540703990	   0.634399988
   0.646111988	   0.368927993	   0.646599988
   0.659775987	   0.252295995	   0.792023985
   0.622687988	   0.168359997	   0.983319981
   0.503615990	   0.099063998	   1.080919979
   0.370391993	  -0.104431998	   1.025775980
   0.292311994	  -0.363071993	   0.904263983
   0.149815997	  -0.658799987	   0.737367986
  -0.043919999	  -0.911583982	   0.585111989
  -0.226919996	  -1.031143980	   0.507519990
  -0.310367994	  -1.093119979	   0.514839990
  -0.345503993	  -1.347855974	   0.566079989
  -0.310855994	  -1.680671968	   0.757863985
  -0.237655995	  -2.095959960	   1.000399981
  -0.341111993	  -2.685463948	   1.010647980
  -0.614879988	  -3.302295936	   0.828135984
  -0.687591987	  -3.571183931	   0.683199987
  -0.645135988	  -3.704407929	   0.599751988
  -0.604143988	  -3.728807928	   0.566079989
  -0.496783990	  -3.490663933	   0.587551989
  -0.365023993	  -3.185175939	   0.484583991
  -0.263031995	  -2.792335946	   0.398695992
  -0.097599998	  -2.358991954	   0.511423990
   0.065879999	  -2.033007961	   0.530455990
   0.241071995	  -1.775343966	   0.642207988
   0.454815991	  -1.551839970	   0.722727986
   0.718823986	  -1.377135973	   0.715407986
   1.023823980	  -1.168759977	   0.716871986
   1.214631977	  -0.907191982	   0.638791988
   1.332239974	  -0.603167988	   0.549975989
   1.537199970	  -0.183487996	   0.620735988
   1.661151968	   0.315247994	   0.752983985
   1.724103967	   0.848631984	   0.808127984
   1.786567966	   1.433255972	   0.938911982
   1.829023965	   1.962735962	   1.039439980
   1.817311965	   2.361431954	   1.151191978
   1.834879965	   2.733287947	   1.341511974
   1.886607964	   3.172487939	   1.566479970
   1.922719963	   3.594119931	   1.849031964
   1.849031964	   3.916687924	   1.967615962
   1.667983968	   4.025023922	   1.876847964
   1.507919971	   3.952311924	   1.707511967
   1.420079973	   3.735151928	   1.521095971
   1.402023973	   3.426735934	   1.443503972
   1.389335973	   2.994855942	   1.352247974
   1.411295973	   2.427799953	   1.222927976
   1.369327974	   1.789495965	   0.991127981
   1.216583977	   1.186327977	   0.795439985
   1.053591980	   0.772503985	   0.679783987
   0.898407983	   0.474823991	   0.616343988
   0.756887985	   0.230823996	   0.565591989
   0.688079987	   0.041479999	   0.528015990
   0.625615988	  -0.032207999	   0.591943989
   0.549975989	  -0.105895998	   0.669047987
   0.484583991	  -0.243023995	   0.775431985
   0.419191992	  -0.522647990	   0.806175984
   0.369903993	  -0.910119982	   0.785191985
   0.222039996	  -1.261479976	   0.624639988
   0.061975999	  -1.606495969	   0.467991991
  -0.017568000	  -1.809015965	   0.428463992
  -0.140543997	  -2.046671961	   0.430415992
  -0.279623995	  -2.380463954	   0.383567993
  -0.325983994	  -2.661063949	   0.404551992
  -0.383079993	  -2.973871943	   0.530455990
  -0.531919990	  -3.270575937	   0.607559988
  -0.598287988	  -3.390135935	   0.739807986
  -0.579255989	  -3.348655935	   0.783239985
  -0.588527989	  -3.063175941	   0.763231985
  -0.599263988	  -2.691319948	   0.654407987
  -0.612927988	  -2.348255955	   0.483607991
  -0.616831988	  -2.056919960	   0.381127993
  -0.543143990	  -1.806087965	   0.359655993
  -0.412359992	  -1.623087969	   0.386495993
  -0.267423995	  -1.485959971	   0.418703992
  -0.061487999	  -1.283439975	   0.449935991
   0.126391998	  -1.102391979	   0.562175989
   0.367463993	  -0.896455983	   0.654407987
   0.559735989	  -0.743223986	   0.744199986
   0.723215986	  -0.620247988	   0.782263985
   0.929151982	  -0.373807993	   0.834967984
   1.057495980	  -0.168359997	   0.896943983
   1.272215975	   0.136151997	   0.994543981
   1.471319972	   0.487999991	   1.122399978
   1.648951968	   0.923783982	   1.235615976
   1.702631967	   1.443503972	   1.276607975
   1.651391968	   1.863183964	   1.305399975
   1.627967969	   2.227231957	   1.280999975
   1.659199968	   2.570295950	   1.278071975
   1.688967967	   2.869439945	   1.352735974
   1.683599968	   3.044143941	   1.442039972
   1.638215968	   3.121735940	   1.558183970
   1.549887970	   3.150039939	   1.563063970
   1.450823972	   3.083183941	   1.477663971
   1.344439974	   2.915311944	   1.320039975
   1.248791976	   2.643495949	   1.137527978
   1.177055977	   2.297991956	   0.985271981
   1.063839979	   1.865135964	   0.833991984
   0.969655981	   1.422031973	   0.713455986
   0.898407983	   1.068231979	   0.638791988
   0.815935984	   0.718335986	   0.647087988
   0.795439985	   0.489951991	   0.667095987
   0.740783986	   0.325495994	   0.783239985
   0.613903988	   0.257175995	   0.871079983
   0.474335991	   0.117119998	   0.926711982
   0.364535993	  -0.055631999	   0.900847983
   0.300119994	  -0.274255995	   0.867175983
   0.243023995	  -0.523623990	   0.784215985
   0.178119997	  -0.785679985	   0.802271985
   0.195199996	  -0.974047981	   0.986247981
   0.202031996	  -1.072135979	   1.206823977
   0.134199997	  -1.197063977	   1.252207976
  -0.013176000	  -1.246351976	   1.246351976
  -0.185927996	  -1.289295975	   1.195111977
  -0.376735993	  -1.404463973	   1.042367980
  -0.635863988	  -1.611863969	   0.865223983
  -0.792999985	  -1.781687966	   0.761767985
  -0.888159983	  -1.990063962	   0.612927988
  -0.970143981	  -2.259439956	   0.524599990
  -1.008695981	  -2.509783952	   0.590479989
  -0.968191981	  -2.718647948	   0.721263986
  -0.999911981	  -2.741583947	   0.802759985
  -0.996983981	  -2.599575950	   0.782263985
  -1.037487980	  -2.390223954	   0.710039986
  -0.982831981	  -2.202343957	   0.596335988
  -0.915975982	  -2.012999961	   0.545583989
  -0.749567986	  -1.875871964	   0.519719990
  -0.507519990	  -1.777295966	   0.539727990
  -0.252783995	  -1.716295967	   0.603655988
   0.036111999	  -1.595759969	   0.632935988
   0.335743994	  -1.423007973	   0.707599986
   0.581207989	  -1.110199979	   0.771527985
   0.774943985	  -0.813007984	   0.707111986
   0.958431982	  -0.548999989	   0.646111988
   1.181447977	  -0.232775996	   0.674903987
   1.414711973	   0.142983997	   0.751519985
   1.576727970	   0.512399990	   0.859855983
   1.765583966	   0.955015982	   0.977951981
   1.973959962	   1.405927973	   1.219023976
   2.106207959	   1.914423963	   1.383479973
   2.073999960	   2.290183956	   1.466439972
   2.033007961	   2.570783950	   1.565991970
   2.051063960	   2.833327945	   1.670423968
   2.052527960	   3.016327942	   1.784127966
   2.074487960	   3.141255939	   1.873919964
   2.052039960	   3.196887938	   1.931015963
   1.937359963	   3.116855940	   1.865135964
   1.825119965	   2.923607944	   1.723615967
   1.751431966	   2.655695949	   1.563551970
   1.634311968	   2.292623956	   1.410319973
   1.495231971	   1.852447964	   1.226831976
   1.337119974	   1.388847973	   1.027727980
   1.141431978	   0.957943982	   0.822767984
   0.903287983	   0.590479989	   0.612439988
   0.674903987	   0.342575993	   0.490927991
   0.483119991	   0.192271996	   0.458719991
   0.310367994	   0.096623998	   0.513375990
   0.187879996	  -0.015128000	   0.618295988
   0.180559997	  -0.187391996	   0.815935984
   0.087351998	  -0.423583992	   0.905727983
  -0.051727999	  -0.694911987	   0.853999984
  -0.173239997	  -1.108735979	   0.763719985
  -0.351847993	  -1.584047969	   0.626103988
  -0.475799991	  -1.966639962	   0.583159989
  -0.590967989	  -2.318487955	   0.613903988
  -0.736391986	  -2.701079948	   0.571935989
  -0.860343983	  -3.137839939	   0.513375990
  -0.907679982	  -3.441863934	   0.540215990
  -0.941839982	  -3.581431931	   0.612439988
  -0.996007981	  -3.598023931	   0.599263988
  -1.160463978	  -3.471143933	   0.524111990
  -1.156559978	  -3.217383938	   0.437247992
  -1.016503980	  -2.970943943	   0.264983995
  -0.941351982	  -2.702055948	   0.100039998
  -0.792023985	  -2.338495955	  -0.027815999
  -0.578279989	  -2.013487961	  -0.004880000
  -0.296215994	  -1.790959965	   0.008296000
   0.005856000	  -1.545495970	   0.132247997
   0.341111993	  -1.353711974	   0.281087995
   0.654407987	  -1.206335977	   0.388447993
   0.961359981	  -1.079455979	   0.469455991
   1.292711975	  -0.932079982	   0.563639989
   1.552327970	  -0.670023987	   0.707111986
   1.866111964	  -0.384055993	   0.845703984
   2.114015959	   0.102967998	   0.918415982
   2.135975959	   0.700279986	   1.158023978
   2.185263958	   1.333215974	   1.366399974
   2.256023956	   1.846103964	   1.516703971
   2.285791956	   2.222351957	   1.661151968
   2.353623955	   2.511247952	   1.719711967
   2.380951954	   2.906039944	   1.930527963
   2.347279955	   3.280335937	   2.140367959
   2.286279956	   3.497007933	   2.220399957
   2.226743957	   3.732711928	   2.258951956
   2.088639960	   3.829823926	   2.219423957
   1.824143965	   3.698063929	   1.933455963
   1.681647968	   3.331575936	   1.531343970
   1.670423968	   2.866999945	   1.249767976
   1.686039967	   2.316535955	   1.078479979
   1.691895967	   1.713367967	   0.920367982
   1.598199969	   1.141919978	   0.855951983
   1.414711973	   0.776407985	   0.777383985
   1.256111976	   0.525575990	   0.715407986
   1.072135979	   0.295239994	   0.655871987
   0.926711982	   0.087351998	   0.689055987
   0.817887984	  -0.145423997	   0.701743986
   0.727119986	  -0.415287992	   0.655383987
   0.690519987	  -0.674415987	   0.716871986
   0.575839989	  -0.975023981	   0.768111985
   0.308903994	  -1.356639974	   0.679783987
   0.141519997	  -1.836831965	   0.623175988
  -0.065879999	  -2.266271956	   0.638303988
  -0.169823997	  -2.632759949	   0.728095986
  -0.261567995	  -3.013399942	   0.873519983
  -0.433831992	  -3.382815935	   0.868151983
  -0.680759987	  -3.633647930	   0.630983988
  -0.945743982	  -3.731247928	   0.336231994
  -1.111175979	  -3.590215931	   0.197639996
  -1.199991977	  -3.242759937	   0.231311996
  -1.220487976	  -2.775255946	   0.374295993
  -1.163879978	  -2.384855954	   0.410895992
  -1.079455979	  -2.031055961	   0.298167994
  -0.984295981	  -1.775831966	   0.132247997
  -0.851071984	  -1.537687970	   0.045383999
  -0.666119987	  -1.315647975	   0.062463999
  -0.422607992	  -1.069695979	   0.176167997
  -0.190319996	  -0.777871985	   0.320127994
   0.023912000	  -0.564615989	   0.420167992
   0.232287996	  -0.424071992	   0.475799991
   0.483607991	  -0.268399995	   0.566567989
   0.745175986	  -0.072223999	   0.718335986
   0.959407981	   0.183487996	   0.862783983
   1.140455978	   0.440175992	   0.998447981
   1.271239975	   0.675879987	   1.126303978
   1.341023974	   0.940375982	   1.258063976
   1.420567973	   1.071647979	   1.276119975
   1.352735974	   1.255135976	   1.313207975
   1.283927975	   1.336143974	   1.391287973
   1.280023975	   1.360055974	   1.376159973
   1.249767976	   1.345903974	   1.332239974
   1.199015977	   1.324431974	   1.303935975
   1.155095978	   1.298567975	   1.329799974
   1.090679979	   1.285879975	   1.382503973
   1.003327981	   1.250743976	   1.393727973
   0.925247982	   1.221463976	   1.357615974
   0.827647984	   1.185351977	   1.299055975
   0.698815987	   1.161439978	   1.230735976
   0.592431989	   1.139479978	   1.162903978
   0.528991990	   1.127767978	   1.118007978
   0.479703991	   1.102391979	   1.088239979
   0.437735992	   1.039439980	   1.050175980
   0.397719992	   0.933543982	   0.999911981
   0.368439993	   0.802271985	   0.932079982
   0.354775993	   0.680271987	   0.890111983
   0.355263993	   0.557783989	   0.853023984
   0.356727993	   0.451887991	   0.851559984
   0.344527993	   0.363071993	   0.860343983
   0.346479993	   0.292311994	   0.885231983
   0.331351994	   0.226431996	   0.901823983
   0.287919994	   0.178607997	   0.903775983
   0.242535995	   0.136639997	   0.891575983
   0.189343996	   0.081007998	   0.852047984
   0.132735997	   0.007320000	   0.811543984
   0.103943998	  -0.051239999	   0.802271985
   0.089791998	  -0.094671998	   0.833015984
   0.078567998	  -0.089791998	   0.907679982
   0.044895999	  -0.082959998	   0.985271981
  -0.001464000	  -0.108823998	   1.027239980
  -0.047335999	  -0.125415998	   1.026751980
  -0.117119998	  -0.141519997	   1.008207981
  -0.176655997	  -0.179583997	   0.980391981
  -0.226431996	  -0.232775996	   0.945743982
  -0.254247995	  -0.277671995	   0.932079982
  -0.272303995	  -0.305975994	   0.943791982
  -0.271327995	  -0.297191994	   0.957943982
  -0.288407994	  -0.273279995	   0.974535981
  -0.289871994	  -0.240095995	   0.987711981
  -0.293775994	  -0.210327996	   0.990151981
  -0.307439994	  -0.195687996	   0.972095981
  -0.318175994	  -0.181535996	   0.947695982
  -0.319639994	  -0.164455997	   0.935007982
