Time	A_x [g]	A_y [g]	A_z [g]
  93.163744000	  -0.014152000	  -0.118583998	   1.035535980
  93.172358000	  -0.020984000	  -0.120535998	   1.045295980
  93.180972000	  -0.017568000	  -0.126391998	   1.024311980
  93.189586000	  -0.011712000	  -0.125903998	   1.013575980
  93.198200000	  -0.008784000	  -0.124927998	   1.017479980
  93.206814000	  -0.008784000	  -0.127367998	   1.018943980
  93.215428000	  -0.006832000	  -0.131271997	   1.007231981
  93.224042000	  -0.003416000	  -0.133711997	   1.004791981
  93.232656000	  -0.004880000	  -0.134687997	   1.002351981
  93.241270000	  -0.011224000	  -0.137127997	   1.006743981
  93.249884000	  -0.013664000	  -0.141031997	   1.011135980
  93.258498000	  -0.009760000	  -0.145423997	   1.003327981
  93.267112000	  -0.006832000	  -0.144935997	   0.997959981
  93.275726000	  -0.006832000	  -0.135175997	   1.012599980
  93.284340000	  -0.008296000	  -0.129807997	   1.018943980
  93.292954000	  -0.014640000	  -0.133223997	   1.018455980
  93.301568000	  -0.026839999	  -0.138591997	   1.015039980
  93.310182000	  -0.033671999	  -0.143959997	   1.010159981
  93.318796000	  -0.029767999	  -0.149327997	   0.999911981
  93.327410000	  -0.019520000	  -0.152255997	   0.992591981
  93.336024000	  -0.011224000	  -0.151767997	   0.981855981
  93.344638000	  -0.011224000	  -0.149815997	   0.986247981
  93.353252000	  -0.012200000	  -0.143471997	   1.001375981
  93.361866000	  -0.010248000	  -0.138591997	   1.008207981
  93.370480000	  -0.011712000	  -0.135175997	   1.009671981
  93.379094000	  -0.020496000	  -0.129319998	   1.022359980
  93.387708000	  -0.034159999	  -0.127367998	   1.041879980
  93.396322000	  -0.042455999	  -0.131271997	   1.044319980
  93.404936000	  -0.043431999	  -0.134199997	   1.032119980
  93.413550000	  -0.040991999	  -0.135175997	   1.026263980
  93.422164000	  -0.038063999	  -0.136151997	   1.016015980
  93.430778000	  -0.038551999	  -0.137615997	   1.016015980
  93.439392000	  -0.041479999	  -0.133223997	   1.032119980
  93.448006000	  -0.043919999	  -0.125903998	   1.054567980
  93.456620000	  -0.042455999	  -0.122975998	   1.055055980
  93.465234000	  -0.041479999	  -0.121999998	   1.041879980
  93.473848000	  -0.055631999	  -0.125903998	   1.031143980
  93.482462000	  -0.080519998	  -0.132735997	   1.036023980
  93.491076000	  -0.098575998	  -0.138591997	   1.042855980
  93.499690000	  -0.100039998	  -0.138103997	   1.034071980
  93.508304000	  -0.114679998	  -0.145423997	   1.044807980
  93.516918000	  -0.101503998	  -0.142983997	   1.032607980
  93.525532000	  -0.103455998	  -0.151767997	   1.016503980
  93.534146000	  -0.101503998	  -0.148839997	   1.045295980
  93.542760000	  -0.086375998	  -0.154207997	   1.051639980
  93.551374000	  -0.087839998	  -0.166407997	   1.044319980
  93.559988000	  -0.037087999	  -0.165919997	   1.040415980
  93.568602000	   0.024888000	  -0.170311997	   1.067743979
  93.577216000	   0.103943998	  -0.195199996	   1.041879980
  93.585830000	   0.166407997	  -0.182999996	   1.091655979
  93.594444000	   0.211791996	  -0.198127996	   1.071159979
  93.603058000	   0.279623995	  -0.211791996	   1.019919980
  93.611672000	   0.349895993	  -0.209839996	   1.019919980
  93.620286000	   0.391863992	  -0.243511995	   0.908655982
  93.628900000	   0.424559992	  -0.281575995	   0.802759985
  93.637514000	   0.460183991	  -0.287919994	   0.778847985
  93.646128000	   0.509471990	  -0.301583994	   0.757863985
  93.654742000	   0.553391989	  -0.345015993	   0.659775987
  93.663356000	   0.665631987	  -0.305975994	   0.699303987
  93.671970000	   0.687591987	  -0.258639995	   0.719311986
  93.680584000	   0.691007987	  -0.255711995	   0.772503985
  93.689198000	   0.672951987	  -0.230823996	   0.796415985
  93.697812000	   0.648063987	  -0.219599996	   0.816423984
  93.706426000	   0.628055988	  -0.213255996	   0.836919984
  93.715040000	   0.619271988	  -0.233751995	   0.786655985
  93.723654000	   0.616831988	  -0.221063996	   0.750543986
  93.732268000	   0.608047988	  -0.166407997	   0.796903985
  93.740882000	   0.576815989	  -0.145911997	   0.884255983
  93.749496000	   0.579255989	  -0.082959998	   0.953551982
  93.758110000	   0.555831989	  -0.029767999	   0.936959982
  93.766724000	   0.527527990	  -0.040991999	   0.960383981
  93.775338000	   0.446519991	  -0.074175999	   0.946231982
  93.783952000	   0.313783994	  -0.036111999	   0.896943983
  93.792566000	   0.114191998	  -0.044407999	   0.903775983
  93.801180000	  -0.027327999	  -0.010248000	   0.983807981
  93.809794000	  -0.116631998	   0.036111999	   1.093119979
  93.818408000	  -0.228871996	   0.085399998	   1.124351978
  93.827022000	  -0.343551993	   0.127367998	   1.115079978
  93.835636000	  -0.418215992	   0.139079997	   1.138991978
  93.844250000	  -0.470919991	   0.198615996	   1.205359977
  93.852864000	  -0.531431990	   0.215695996	   1.226831976
  93.861478000	  -0.627567988	   0.222527996	   1.200479977
  93.870092000	  -0.705159986	   0.226431996	   1.150215978
  93.878706000	  -0.799831985	   0.209351996	   1.097999979
  93.887320000	  -0.877911983	   0.203007996	   1.074575979
  93.895934000	  -0.932079982	   0.221551996	   1.118983978
  93.904548000	  -0.971119981	   0.254735995	   1.167295977
  93.913162000	  -0.996495981	   0.297679994	   1.212679977
  93.921776000	  -0.995031981	   0.352823993	   1.277583975
  93.930390000	  -0.984295981	   0.401623992	   1.320039975
  93.939004000	  -0.968191981	   0.422607992	   1.337607974
  93.947618000	  -0.932079982	   0.447007991	   1.347855974
  93.956232000	  -0.884255983	   0.462135991	   1.318087975
  93.964846000	  -0.856927983	   0.435295992	   1.264895976
  93.973460000	  -0.845703984	   0.385519993	   1.203407977
  93.982074000	  -0.819351984	   0.366487993	   1.138015978
  93.990688000	  -0.772991985	   0.312319994	   1.081407979
  93.999302000	  -0.695887987	   0.257175995	   0.992591981
  94.007916000	  -0.614391988	   0.221551996	   0.917927982
  94.016530000	  -0.547047989	   0.205447996	   0.885719983
  94.025144000	  -0.481655991	   0.206911996	   0.896455983
  94.033758000	  -0.422119992	   0.182511996	   0.887183983
  94.042372000	  -0.366487993	   0.192759996	   0.884255983
  94.050986000	  -0.335255994	   0.206423996	   0.891087983
  94.059600000	  -0.341111993	   0.208375996	   0.902311983
  94.068214000	  -0.387959993	   0.197639996	   0.965751981
  94.076828000	  -0.441639991	   0.197151996	   1.061887980
  94.085442000	  -0.477263991	   0.168359997	   1.103855979
  94.094056000	  -0.464575991	   0.133711997	   1.055055980
  94.102670000	  -0.369415993	   0.123951998	   1.028215980
  94.111284000	  -0.219111996	   0.107847998	   1.001375981
  94.119898000	  -0.082959998	   0.043919999	   0.894015983
  94.128512000	   0.023912000	   0.003416000	   0.758351985
  94.137126000	   0.113215998	   0.050751999	   0.716383986
  94.145740000	   0.205447996	   0.081983998	   0.767135985
  94.154354000	   0.250831995	   0.063927999	   0.787631985
  94.162968000	   0.261079995	   0.051239999	   0.788607985
  94.171582000	   0.227407996	   0.087839998	   0.863271983
  94.180196000	   0.190807996	   0.142983997	   1.054567980
  94.188810000	   0.192271996	   0.129319998	   1.188279977
  94.197424000	   0.194223996	   0.060511999	   1.197551977
  94.206038000	   0.231799996	  -0.005856000	   1.089703979
  94.214652000	   0.302071994	  -0.062463999	   0.974535981
  94.223266000	   0.361607993	  -0.104431998	   0.942327982
  94.231880000	   0.410407992	  -0.145911997	   0.918903982
  94.240494000	   0.443103991	  -0.152743997	   0.866199983
  94.249108000	   0.494343990	  -0.154207997	   0.844727984
  94.257722000	   0.547047989	  -0.167383997	   0.822767984
  94.266336000	   0.615367988	  -0.165431997	   0.846191984
  94.274950000	   0.677831987	  -0.156159997	   0.897919983
  94.283564000	   0.724679986	  -0.133711997	   0.928175982
  94.292178000	   0.761279985	  -0.135663997	   0.952575982
  94.300792000	   0.820327984	  -0.146887997	   0.920855982
  94.309406000	   0.853999984	  -0.175191997	   0.856439983
  94.318020000	   0.836431984	  -0.209351996	   0.818375984
  94.326634000	   0.797391985	  -0.227895996	   0.831551984
  94.335248000	   0.808127984	  -0.225455996	   0.819351984
  94.343862000	   0.856439983	  -0.235703995	   0.781287985
  94.352476000	   0.927687982	  -0.250831995	   0.752983985
  94.361090000	   1.011135980	  -0.270351995	   0.735903986
  94.369704000	   1.089703979	  -0.290847994	   0.683199987
  94.378318000	   1.148263978	  -0.300607994	   0.650503987
  94.386932000	   1.174127977	  -0.306951994	   0.585599989
  94.395546000	   1.178031977	  -0.323543994	   0.525087990
  94.404160000	   1.135575978	  -0.350383993	   0.471895991
  94.412774000	   1.074575979	  -0.359655993	   0.497759990
  94.421388000	   0.996007981	  -0.341111993	   0.572911989
  94.430002000	   0.938423982	  -0.307927994	   0.599263988
  94.438616000	   0.890111983	  -0.228871996	   0.622199988
  94.447230000	   0.853511984	  -0.117119998	   0.635375988
  94.455844000	   0.790559985	  -0.059047999	   0.654895987
  94.464458000	   0.732975986	  -0.051239999	   0.706623986
  94.473072000	   0.689055987	  -0.021472000	   0.704671986
  94.481686000	   0.681247987	   0.100527998	   0.718823986
  94.490300000	   0.645623988	   0.217647996	   0.775919985
  94.498914000	   0.613415988	   0.272791995	   0.925735982
  94.507528000	   0.591943989	   0.298167994	   1.062863979
  94.516142000	   0.560223989	   0.334279994	   1.090191979
  94.524756000	   0.483607991	   0.338671993	   1.005767981
  94.533370000	   0.377223993	   0.315247994	   0.938423982
  94.541984000	   0.244975995	   0.339159993	   0.927687982
  94.550598000	   0.101991998	   0.325495994	   1.003815981
  94.559212000	   0.017080000	   0.297191994	   1.109711979
  94.567826000	  -0.020496000	   0.268399995	   1.182911977
  94.576440000	  -0.007320000	   0.248391995	   1.201943977
  94.585054000	  -0.007320000	   0.227407996	   1.121423978
  94.593668000	  -0.044895999	   0.186415996	   1.028703980
  94.602282000	  -0.100039998	   0.169823997	   1.009183981
  94.610896000	  -0.190319996	   0.174215997	   1.025287980
  94.619510000	  -0.315247994	   0.156159997	   1.032607980
  94.628124000	  -0.425047992	   0.132247997	   1.058959980
  94.636738000	  -0.488975991	   0.126879998	   1.116055978
  94.645352000	  -0.546559989	   0.098575998	   1.140455978
  94.653966000	  -0.593895989	   0.080519998	   1.140455978
  94.662580000	  -0.632935988	   0.090279998	   1.179983977
  94.671194000	  -0.689543987	   0.081495998	   1.166319977
  94.679808000	  -0.743711986	   0.065391999	   1.113127979
  94.688422000	  -0.784703985	   0.078079998	   1.118495978
  94.697036000	  -0.801295985	   0.105407998	   1.131671978
  94.705650000	  -0.792511985	   0.131759997	   1.118495978
  94.714264000	  -0.768111985	   0.167383997	   1.122887978
  94.722878000	  -0.742247986	   0.228383996	   1.115567978
  94.731492000	  -0.849119984	   0.291823994	   1.131183978
  94.740106000	  -0.979903981	   0.380639993	   1.341999974
  94.748720000	  -1.145823978	   0.531919990	   1.558183970
  94.757334000	  -1.343951974	   0.568031989	   1.683599968
  94.765948000	  -1.434719972	   0.443103991	   1.670911968
  94.774562000	  -1.404951973	   0.274255995	   1.557207970
  94.783176000	  -1.347367974	   0.178119997	   1.382991973
  94.791790000	  -1.182423977	   0.122487998	   1.249767976
  94.800404000	  -0.994543981	   0.097599998	   1.190231977
  94.809018000	  -0.808615984	   0.043431999	   0.989175981
  94.817632000	  -0.654895987	   0.034159999	   0.942327982
  94.826246000	  -0.493855990	   0.077591999	   0.937935982
  94.834860000	  -0.375271993	   0.092719998	   0.920855982
  94.843474000	  -0.298167994	   0.130295997	   0.904751983
  94.852088000	  -0.239119995	   0.175679997	   0.953551982
  94.860702000	  -0.184951996	   0.202031996	   1.008695981
  94.869316000	  -0.149815997	   0.216183996	   1.047735980
  94.877930000	  -0.134687997	   0.228871996	   1.112639979
  94.886544000	  -0.126391998	   0.235703995	   1.154607978
  94.895158000	  -0.120535998	   0.208375996	   1.147287978
  94.903772000	  -0.073199999	   0.204471996	   1.102391979
  94.912386000	   0.018056000	   0.223015996	   1.009671981
  94.921000000	   0.117607998	   0.207887996	   0.952575982
  94.929613000	   0.234239995	   0.169823997	   0.929639982
  94.938226000	   0.338671993	   0.149815997	   0.918415982
  94.946839000	   0.398207992	   0.151767997	   0.946231982
  94.955452000	   0.416263992	   0.122487998	   0.902311983
  94.964065000	   0.393815992	   0.129319998	   0.953551982
  94.972678000	   0.361607993	   0.141031997	   1.044807980
  94.981291000	   0.338671993	   0.134687997	   1.075063979
  94.989904000	   0.347943993	   0.137127997	   1.063839979
  94.998517000	   0.381615993	   0.135175997	   1.021383980
  95.007130000	   0.441151991	   0.140055997	   0.998935981
  95.015743000	   0.496783990	   0.125415998	   0.993079981
  95.024356000	   0.513863990	   0.079543998	   0.945255982
  95.032969000	   0.529967990	   0.053679999	   0.910607982
  95.041582000	   0.519231990	   0.028791999	   0.903775983
  95.050195000	   0.481655991	  -0.040991999	   0.828135984
  95.058808000	   0.483607991	  -0.088327998	   0.744199986
  95.067421000	   0.527039990	  -0.141519997	   0.715407986
  95.076034000	   0.562663989	  -0.194223996	   0.674903987
  95.084647000	   0.631471988	  -0.245951995	   0.595359989
  95.093260000	   0.763231985	  -0.261079995	   0.512887990
  95.101873000	   0.880351983	  -0.300119994	   0.490927991
  95.110486000	   0.988199981	  -0.292799994	   0.447495991
  95.119099000	   1.120935978	  -0.239119995	   0.430415992
  95.127712000	   1.236103976	  -0.187879996	   0.464575991
  95.136325000	   1.318575975	  -0.121999998	   0.501663990
  95.144938000	   1.349319974	  -0.044407999	   0.575839989
  95.153551000	   1.341023974	   0.008784000	   0.670511987
  95.162164000	   1.292223975	   0.037575999	   0.688079987
  95.170777000	   1.241959976	   0.035135999	   0.726631986
  95.179390000	   1.162415978	   0.044407999	   0.760791985
  95.188003000	   1.106295979	   0.041479999	   0.747127986
  95.196616000	   1.057495980	   0.013176000	   0.680759987
  95.205229000	   0.979415981	  -0.037087999	   0.640743988
  95.213842000	   0.952575982	  -0.077591999	   0.629519988
  95.222455000	   0.947695982	  -0.087839998	   0.590967989
  95.231068000	   0.923295982	  -0.063439999	   0.554855989
  95.239681000	   0.907191982	  -0.020984000	   0.620735988
  95.248294000	   0.847655984	   0.004392000	   0.653431987
  95.256907000	   0.737855986	   0.036111999	   0.755911985
  95.265520000	   0.600239988	   0.085887998	   0.788607985
  95.274133000	   0.484583991	   0.118095998	   0.905239983
  95.282746000	   0.432367992	   0.120535998	   1.006255981
  95.291359000	   0.431879992	   0.069295999	   0.977951981
  95.299972000	   0.447495991	   0.004880000	   0.878887983
  95.308585000	   0.435295992	  -0.023912000	   0.795439985
  95.317198000	   0.407967992	  -0.005368000	   0.798855985
  95.325811000	   0.340135993	   0.042943999	   0.824231984
  95.334424000	   0.222527996	   0.075151999	   0.851559984
  95.343037000	   0.113703998	   0.081983998	   0.898407983
  95.351650000	   0.038063999	   0.053679999	   0.944279982
  95.360263000	  -0.016104000	   0.010736000	   0.940863982
  95.368876000	  -0.060999999	   0.000000000	   0.949159982
  95.377489000	  -0.105407998	   0.024400000	   1.025287980
  95.386102000	  -0.138591997	   0.062463999	   1.099951979
  95.394715000	  -0.189343996	   0.095159998	   1.123375978
  95.403328000	  -0.242535995	   0.127855998	   1.137527978
  95.411941000	  -0.278159995	   0.174703997	   1.178519977
  95.420554000	  -0.329887994	   0.225455996	   1.179495977
  95.429167000	  -0.427487992	   0.246439995	   1.154119978
  95.437780000	  -0.542655990	   0.257175995	   1.190719977
  95.446393000	  -0.681735987	   0.256199995	   1.256111976
  95.455006000	  -0.827647984	   0.235703995	   1.286855975
  95.463619000	  -0.947207982	   0.236191995	   1.319063975
  95.472232000	  -1.023335980	   0.247903995	   1.314183975
  95.480845000	  -1.101903979	   0.252783995	   1.338095974
  95.489458000	  -1.154607978	   0.271327995	   1.418615973
  95.498071000	  -1.199991977	   0.291823994	   1.533295970
  95.506684000	  -1.259527976	   0.304999994	   1.557207970
  95.515297000	  -1.233663976	   0.303535994	   1.526951971
  95.523910000	  -1.160951978	   0.312319994	   1.551351970
  95.532523000	  -1.071159979	   0.303535994	   1.523047971
  95.541136000	  -0.998935981	   0.304511994	   1.425447972
  95.549749000	  -0.930127982	   0.280599995	   1.332727974
  95.558362000	  -0.868639983	   0.225455996	   1.272215975
  95.566975000	  -0.798855985	   0.196175996	   1.207799977
  95.575588000	  -0.705647986	   0.178119997	   1.130695978
  95.584201000	  -0.601703988	   0.146887997	   1.039927980
  95.592814000	  -0.486047991	   0.136151997	   0.957455982
  95.601427000	  -0.391375992	   0.131271997	   0.918415982
  95.610040000	  -0.291823994	   0.125903998	   0.918415982
  95.618653000	  -0.174703997	   0.151279997	   0.950135982
  95.627266000	  -0.088327998	   0.186903996	   0.959895981
  95.635879000	  -0.080031998	   0.213743996	   0.991615981
  95.644492000	  -0.102967998	   0.203007996	   1.048711980
  95.653105000	  -0.107359998	   0.161039997	   1.067743979
  95.661718000	  -0.061487999	   0.121511998	   1.000887981
  95.670331000	   0.004880000	   0.078567998	   0.931103982
  95.678944000	   0.104919998	   0.032695999	   0.888647983
  95.687557000	   0.224479996	  -0.002440000	   0.852535984
  95.696170000	   0.345503993	  -0.014152000	   0.850095984
  95.704783000	   0.460183991	  -0.009760000	   0.852047984
  95.713396000	   0.546071989	   0.014152000	   0.837407984
  95.722009000	   0.525087990	   0.040015999	   0.825207984
  95.730622000	   0.349895993	   0.034159999	   0.878399983
  95.739235000	   0.185927996	   0.051727999	   0.991127981
  95.747848000	   0.134199997	   0.041967999	   1.012599980
  95.756461000	   0.166407997	  -0.008784000	   0.981855981
  95.765074000	   0.277671995	  -0.065391999	   0.892551983
  95.773687000	   0.427975992	  -0.119071998	   0.812519984
  95.782300000	   0.554855989	  -0.130295997	   0.807639984
  95.790913000	   0.636351988	  -0.090279998	   0.840335984
  95.799526000	   0.719799986	  -0.027815999	   0.864247983
  95.808139000	   0.749567986	   0.001464000	   0.906703983
  95.816752000	   0.728095986	   0.008296000	   0.930127982
  95.825365000	   0.725655986	   0.018056000	   0.911095982
  95.833978000	   0.747615986	  -0.005856000	   0.885231983
  95.842591000	   0.759815985	  -0.046847999	   0.839847984
  95.851204000	   0.801783985	  -0.084423998	   0.785679985
  95.859817000	   0.870103983	  -0.081495998	   0.764207985
  95.868430000	   0.970631981	  -0.112239998	   0.718335986
  95.877043000	   1.077503979	  -0.132735997	   0.644647988
  95.885656000	   1.173639977	  -0.151767997	   0.578767989
  95.894269000	   1.188279977	  -0.172263997	   0.531431990
  95.902882000	   1.154119978	  -0.165431997	   0.562663989
  95.911495000	   1.076527979	  -0.145911997	   0.617319988
  95.920108000	   0.986735981	  -0.142495997	   0.682711987
  95.928721000	   0.916463982	  -0.136639997	   0.749079986
  95.937334000	   0.818375984	  -0.132735997	   0.771039985
  95.945947000	   0.722239986	  -0.179095997	   0.716383986
  95.954560000	   0.708087986	  -0.198615996	   0.700767986
  95.963173000	   0.734927986	  -0.180071997	   0.670023987
  95.971786000	   0.789583985	  -0.133711997	   0.637327988
  95.980399000	   0.828135984	  -0.066367999	   0.681735987
  95.989012000	   0.821303984	  -0.005856000	   0.751031986
  95.997625000	   0.766159985	   0.078079998	   0.754447985
  96.006238000	   0.713455986	   0.151767997	   0.785679985
  96.014851000	   0.574863989	   0.176655997	   1.001375981
  96.023464000	   0.406015992	   0.198127996	   1.099951979
  96.032077000	   0.290847994	   0.181535996	   1.111175979
  96.040690000	   0.192759996	   0.119559998	   1.102391979
  96.049303000	   0.117119998	   0.038063999	   1.048223980
  96.057916000	   0.090767998	  -0.031231999	   0.894503983
  96.066529000	   0.114679998	  -0.080031998	   0.768111985
  96.075142000	   0.112727998	  -0.108823998	   0.678807987
  96.083755000	   0.093207998	  -0.101015998	   0.688567987
  96.092368000	   0.058559999	  -0.063927999	   0.787631985
  96.100981000	   0.018056000	  -0.016592000	   0.894503983
  96.109594000	   0.001464000	   0.030743999	   0.936959982
  96.118207000	  -0.005856000	   0.092719998	   0.935495982
  96.126820000	  -0.041479999	   0.150303997	   0.971607981
  96.135433000	  -0.096623998	   0.177631997	   0.985759981
  96.144046000	  -0.166407997	   0.201543996	   1.011135980
  96.152659000	  -0.237167995	   0.240095995	   1.069695979
  96.161272000	  -0.314759994	   0.290847994	   1.134111978
  96.169885000	  -0.389911992	   0.338671993	   1.176079977
  96.178498000	  -0.449447991	   0.357215993	   1.170711977
  96.187111000	  -0.521671990	   0.351847993	   1.153631978
  96.195724000	  -0.617319988	   0.361607993	   1.181447977
  96.204337000	  -0.703207986	   0.389423992	   1.319063975
  96.212950000	  -0.778359985	   0.397231992	   1.465951972
  96.221563000	  -0.906703983	   0.379663993	   1.449359972
  96.230176000	  -1.025287980	   0.330863994	   1.411295973
  96.238789000	  -1.223903976	   0.355751993	   1.511335971
  96.247402000	  -1.264407976	   0.416751992	   1.454727972
  96.256015000	  -1.187791977	   0.414311992	   1.624551969
  96.264628000	  -1.102391979	   0.341599993	   1.553791970
  96.273241000	  -0.976487981	   0.243023995	   1.317599975
  96.281854000	  -0.863759983	   0.190319996	   1.114103978
  96.290467000	  -0.788119985	   0.169823997	   1.064327979
  96.299080000	  -0.739807986	   0.152743997	   1.069207979
  96.307693000	  -0.706623986	   0.128343998	   1.036023980
  96.316306000	  -0.680759987	   0.119071998	   0.978439981
  96.324919000	  -0.687591987	   0.120047998	   0.932079982
  96.333532000	  -0.744687986	   0.085887998	   0.979415981
  96.342145000	  -0.794463985	   0.042455999	   1.046759980
  96.350758000	  -0.776895985	   0.031719999	   1.012111980
  96.359371000	  -0.724191986	   0.030743999	   0.955015982
  96.367984000	  -0.651967987	   0.042943999	   0.938911982
  96.376597000	  -0.562663989	   0.067831999	   0.942327982
  96.385210000	  -0.460183991	   0.095159998	   0.923295982
  96.393823000	  -0.360631993	   0.110287998	   0.897919983
  96.402436000	  -0.263031995	   0.128343998	   0.891575983
  96.411049000	  -0.178607997	   0.162991997	   0.905239983
  96.419662000	  -0.129319998	   0.182023996	   0.947695982
  96.428275000	  -0.097599998	   0.181535996	   0.983319981
  96.436888000	  -0.065879999	   0.159087997	   0.975023981
  96.445501000	  -0.059047999	   0.112239998	   0.936959982
  96.454114000	  -0.079055998	   0.081983998	   0.934031982
  96.462727000	  -0.093695998	   0.115167998	   1.057983980
  96.471340000	  -0.115655998	   0.169335997	   1.147287978
  96.479953000	  -0.082471998	   0.196175996	   1.083847979
  96.488566000	   0.011712000	   0.182023996	   0.998935981
  96.497179000	   0.175679997	   0.154695997	   0.872543983
  96.505792000	   0.342087993	   0.177631997	   0.886207983
  96.514405000	   0.495807990	   0.173239997	   0.863271983
  96.523018000	   0.582183989	   0.157135997	   0.859367983
  96.531631000	   0.584623989	   0.191295996	   0.910607982
  96.540244000	   0.604143988	   0.240583995	   0.925735982
  96.548857000	   0.609511988	   0.234239995	   0.950135982
  96.557470000	   0.584623989	   0.212767996	   0.974535981
  96.566083000	   0.596823988	   0.208375996	   0.956479982
  96.574696000	   0.650015987	   0.181535996	   0.949647982
  96.583309000	   0.724191986	   0.193247996	   0.975999981
  96.591922000	   0.828623984	   0.195687996	   0.942327982
  96.600535000	   0.953063982	   0.191295996	   0.879375983
  96.609148000	   1.034559980	   0.163479997	   0.794951985
  96.617761000	   1.091167979	   0.153231997	   0.712479986
  96.626374000	   1.145335978	   0.138103997	   0.648551987
  96.634987000	   1.174615977	   0.099063998	   0.626591988
  96.643600000	   1.186815977	   0.072223999	   0.618783988
  96.652213000	   1.179983977	   0.060999999	   0.626103988
  96.660826000	   1.146799978	   0.064415999	   0.648551987
  96.669439000	   1.112151979	   0.063439999	   0.677831987
  96.678052000	   1.091167979	   0.056607999	   0.697351987
  96.686665000	   1.065303979	   0.043919999	   0.696375987
  96.695278000	   1.002351981	   0.035623999	   0.684175987
  96.703891000	   0.911095982	   0.042455999	   0.715407986
  96.712504000	   0.819839984	   0.064903999	   0.761279985
  96.721117000	   0.736879986	   0.073687999	   0.776895985
  96.729730000	   0.675879987	   0.078567998	   0.757863985
  96.738343000	   0.636839988	   0.073199999	   0.725655986
  96.746956000	   0.609999988	   0.055143999	   0.709551986
  96.755569000	   0.574375989	   0.040015999	   0.697351987
  96.764182000	   0.523135990	   0.046359999	   0.716871986
  96.772795000	   0.478727991	   0.068319999	   0.791047985
  96.781408000	   0.449447991	   0.120047998	   0.912559982
  96.790021000	   0.411383992	   0.144447997	   0.951599982
  96.798634000	   0.326471994	   0.120047998	   0.856439983
  96.807247000	   0.229847996	   0.074663999	   0.791047985
  96.815860000	   0.170799997	   0.068319999	   0.853511984
  96.824473000	   0.144447997	   0.060511999	   0.924759982
  96.833086000	   0.145423997	   0.045871999	   0.854487984
  96.841699000	   0.191295996	   0.015616000	   0.759327985
  96.850312000	   0.180559997	  -0.023424000	   0.675391987
  96.858925000	   0.141519997	  -0.018544000	   0.587551989
  96.867538000	   0.033183999	   0.143471997	   0.818863984
  96.876151000	   0.077591999	   0.160551997	   1.007231981
  96.884764000	   0.155183997	   0.203007996	   1.206823977
  96.893377000	   0.048799999	   0.228383996	   1.081895979
  96.901990000	   0.009760000	   0.173727997	   0.950623982
  96.910603000	  -0.058559999	   0.192271996	   0.931103982
  96.919216000	  -0.177631997	   0.238143995	   0.922319982
  96.927829000	  -0.288407994	   0.261567995	   0.943791982
  96.936442000	  -0.434807992	   0.284991995	   1.083359979
  96.945055000	  -0.582183989	   0.315735994	   1.187303977
  96.953668000	  -0.696375987	   0.349895993	   1.222927976
  96.962281000	  -0.792023985	   0.355751993	   1.260503976
  96.970894000	  -0.871079983	   0.365023993	   1.308815975
  96.979507000	  -0.933543982	   0.351359993	   1.315159975
  96.988120000	  -0.995519981	   0.328911994	   1.290759975
  96.996733000	  -1.038951980	   0.324519994	   1.247327976
  97.005346000	  -1.080431979	   0.345503993	   1.240983976
  97.013959000	  -1.144847978	   0.373319993	   1.249767976
  97.022572000	  -1.264407976	   0.350383993	   1.320039975
  97.031185000	  -1.333703974	   0.374295993	   1.399583973
  97.039798000	  -1.335167974	   0.373319993	   1.450335972
  97.048411000	  -1.292223975	   0.371367993	   1.471807972
  97.057024000	  -1.216095977	   0.352335993	   1.427887972
  97.065637000	  -1.120447978	   0.325983994	   1.338095974
  97.074250000	  -1.034071980	   0.286455994	   1.271727975
  97.082863000	  -0.964775981	   0.267911995	   1.183399977
  97.091476000	  -0.922319982	   0.275231995	   1.129231978
  97.100089000	  -0.865223983	   0.262055995	   1.079455979
  97.108702000	  -0.823743984	   0.243023995	   0.996007981
  97.117315000	  -0.797391985	   0.242047995	   0.954039982
  97.125928000	  -0.745663986	   0.240583995	   0.924271982
  97.134541000	  -0.668559987	   0.233751995	   0.888159983
  97.143154000	  -0.578279989	   0.224967996	   0.866199983
  97.151767000	  -0.485559991	   0.207887996	   0.859855983
  97.160380000	  -0.455303991	   0.176167997	   0.885719983
  97.168993000	  -0.483119991	   0.158111997	   0.970631981
  97.177606000	  -0.574863989	   0.177631997	   1.076039979
  97.186219000	  -0.605119988	   0.224479996	   1.193159977
  97.194832000	  -0.526063990	   0.221551996	   1.182911977
  97.203445000	  -0.406015992	   0.153719997	   1.066279979
  97.212058000	  -0.219599996	   0.109799998	   0.907191982
  97.220671000	  -0.051727999	   0.074663999	   0.780799985
  97.229284000	   0.115167998	   0.081007998	   0.766647985
  97.237897000	   0.231799996	   0.084423998	   0.778847985
  97.246510000	   0.287431994	   0.069783999	   0.795927985
  97.255123000	   0.310855994	   0.070271999	   0.820327984
  97.263736000	   0.325495994	   0.109311998	   0.875471983
  97.272349000	   0.312807994	   0.139567997	   0.896455983
  97.280962000	   0.267911995	   0.156159997	   0.935983982
  97.289575000	   0.261567995	   0.210815996	   1.015527980
  97.298188000	   0.314271994	   0.237167995	   1.038951980
  97.306801000	   0.408455992	   0.205447996	   0.972583981
  97.315414000	   0.550463989	   0.199103996	   0.861319983
  97.324027000	   0.709551986	   0.195199996	   0.752495985
  97.332640000	   0.849607984	   0.192759996	   0.750543986
  97.341253000	   0.958431982	   0.218135996	   0.786655985
  97.349866000	   1.043831980	   0.256687995	   0.829599984
  97.358479000	   1.049199980	   0.299631994	   0.883767983
  97.367092000	   0.999423981	   0.331839994	   0.885719983
  97.375705000	   0.909143982	   0.342087993	   0.889135983
  97.384318000	   0.780311985	   0.317199994	   0.850095984
  97.392931000	   0.755423985	   0.279623995	   0.803247984
  97.401544000	   0.784703985	   0.231799996	   0.760791985
  97.410157000	   0.921831982	   0.184951996	   0.713943986
  97.418770000	   1.072623979	   0.174703997	   0.669535987
  97.427383000	   1.224391976	   0.202031996	   0.650503987
  97.435996000	   1.341511974	   0.241559995	   0.656847987
  97.444609000	   1.371767974	   0.264983995	   0.676367987
  97.453222000	   1.326383974	   0.285967994	   0.706135986
  97.461835000	   1.230735976	   0.298655994	   0.726631986
  97.470448000	   1.115567978	   0.265471995	   0.751031986
  97.479061000	   0.998935981	   0.214231996	   0.764695985
  97.487674000	   0.883767983	   0.178119997	   0.758351985
  97.496287000	   0.790071985	   0.181535996	   0.710527986
  97.504900000	   0.702719986	   0.210327996	   0.680271987
  97.513513000	   0.652455987	   0.216183996	   0.657335987
  97.522126000	   0.638303988	   0.210327996	   0.675391987
  97.530739000	   0.655383987	   0.256687995	   0.696863987
  97.539352000	   0.687103987	   0.350871993	   0.827647984
  97.547965000	   0.715895986	   0.448959991	   1.014551980
  97.556578000	   0.713455986	   0.550951989	   1.246839976
  97.565191000	   0.692959987	   0.633911988	   1.403487973
  97.573804000	   0.633911988	   0.714431986	   1.465463972
  97.582417000	   0.517767990	   0.761767985	   1.431791972
  97.591030000	   0.377223993	   0.704183986	   1.374207973
  97.599643000	   0.206423996	   0.564127989	   1.292711975
  97.608256000	   0.031719999	   0.473359991	   1.190231977
  97.616869000	  -0.118583998	   0.426511992	   1.082383979
  97.625482000	  -0.264495995	   0.297679994	   0.986247981
  97.634095000	  -0.402111992	   0.131271997	   0.913535982
  97.642708000	  -0.511911990	   0.017080000	   0.884743983
  97.651321000	  -0.589015989	  -0.017568000	   0.869615983
  97.659934000	  -0.660751987	  -0.046359999	   0.846679984
  97.668547000	  -0.711503986	  -0.067831999	   0.854975984
  97.677160000	  -0.728095986	  -0.058559999	   0.896455983
  97.685773000	  -0.728095986	  -0.031719999	   0.948671982
  97.694386000	  -0.710527986	  -0.008784000	   0.978439981
  97.702999000	  -0.656359987	  -0.003904000	   0.987711981
  97.711612000	  -0.589015989	  -0.000976000	   0.925247982
  97.720225000	  -0.555831989	   0.003904000	   0.901823983
  97.728838000	  -0.574375989	  -0.001464000	   0.929151982
  97.737451000	  -0.627079988	   0.032207999	   1.009671981
  97.746064000	  -0.713455986	   0.052703999	   1.001863981
  97.754677000	  -0.802759985	   0.027327999	   0.990639981
  97.763290000	  -0.842287984	  -0.020008000	   0.920855982
  97.771903000	  -0.867175983	  -0.041967999	   0.908655982
  97.780516000	  -0.858391983	  -0.050751999	   0.895967983
  97.789129000	  -0.860343983	  -0.062951999	   0.860343983
  97.797742000	  -0.843263984	  -0.046359999	   0.838383984
  97.806355000	  -0.814471984	  -0.033183999	   0.857415983
  97.814968000	  -0.825207984	   0.001464000	   0.949647982
  97.823581000	  -0.876447983	   0.060023999	   1.056519980
  97.832194000	  -0.936959982	   0.094183998	   1.108735979
  97.840807000	  -0.987223981	   0.091743998	   1.137527978
  97.849420000	  -1.005767981	   0.089303998	   1.173639977
  97.858033000	  -1.010159981	   0.088327998	   1.162415978
  97.866646000	  -0.950135982	   0.100527998	   1.145823978
  97.875259000	  -0.869127983	   0.105895998	   1.079943979
  97.883872000	  -0.757375985	   0.131759997	   1.049199980
  97.892485000	  -0.651479987	   0.171287997	   1.068231979
  97.901098000	  -0.586575989	   0.200567996	   1.104343979
  97.909711000	  -0.557783989	   0.232775996	   1.167295977
  97.918324000	  -0.531431990	   0.250343995	   1.213167977
  97.926937000	  -0.504591990	   0.233263995	   1.201455977
  97.935550000	  -0.467503991	   0.205935996	   1.161927978
  97.944163000	  -0.401135992	   0.192759996	   1.113127979
  97.952776000	  -0.330863994	   0.172751997	   1.054079980
  97.961389000	  -0.210327996	   0.156647997	   0.996983981
  97.970002000	  -0.104431998	   0.120535998	   0.959895981
  97.978615000	  -0.001952000	   0.089303998	   0.909143982
  97.987228000	   0.054167999	   0.060511999	   0.890111983
  97.995841000	   0.080519998	   0.044895999	   0.878399983
  98.004454000	   0.103455998	   0.065391999	   0.897431983
  98.013067000	   0.138591997	   0.097111998	   0.928175982
  98.021680000	   0.191295996	   0.075151999	   0.937447982
  98.030293000	   0.308415994	   0.092231998	   0.954527982
  98.038906000	   0.445543991	   0.134199997	   0.952575982
  98.047519000	   0.567055989	   0.167871997	   0.913047982
  98.056132000	   0.649039987	   0.156159997	   0.922319982
  98.064745000	   0.713943986	   0.147863997	   0.923783982
  98.073358000	   0.774455985	   0.121511998	   0.850095984
  98.081971000	   0.849119984	   0.097599998	   0.790071985
  98.090584000	   0.897919983	   0.036599999	   0.720775986
  98.099197000	   0.898407983	  -0.010248000	   0.630007988
  98.107810000	   0.798855985	  -0.057095999	   0.630007988
  98.116423000	   0.766159985	  -0.026839999	   0.824231984
  98.125036000	   0.767623985	   0.058071999	   1.045295980
  98.133649000	   0.817887984	   0.065391999	   0.983319981
  98.142262000	   0.906703983	   0.061487999	   0.883279983
  98.150875000	   0.998447981	  -0.020984000	   0.751031986
  98.159488000	   1.063839979	  -0.093695998	   0.710527986
  98.168101000	   1.103367979	  -0.106871998	   0.682711987
  98.176714000	   1.142407978	  -0.084423998	   0.638303988
  98.185327000	   1.182911977	  -0.056607999	   0.611463988
  98.193940000	   1.214143977	  -0.035623999	   0.645623988
  98.202553000	   1.226831976	  -0.013176000	   0.712967986
  98.211166000	   1.197551977	  -0.006344000	   0.736391986
  98.219779000	   1.131671978	   0.013664000	   0.748103986
  98.228392000	   1.041391980	   0.029767999	   0.792999985
  98.237005000	   0.967215981	   0.040015999	   0.831551984
  98.245618000	   0.901335983	   0.046847999	   0.830575984
  98.254231000	   0.822279984	   0.053191999	   0.806175984
  98.262844000	   0.728583986	   0.058559999	   0.812519984
  98.271457000	   0.641719988	   0.064415999	   0.821303984
  98.280070000	   0.579743989	   0.066855999	   0.822767984
  98.288683000	   0.533871990	   0.056607999	   0.822767984
  98.297296000	   0.494343990	   0.044407999	   0.815935984
  98.305909000	   0.447983991	   0.036599999	   0.809103984
  98.314522000	   0.408943992	   0.116143998	   0.854487984
  98.323135000	   0.362095993	   0.117119998	   0.884743983
  98.331748000	   0.314271994	   0.112727998	   0.859855983
  98.340361000	   0.316223994	   0.091255998	   0.826183984
  98.348974000	   0.327935994	   0.066367999	   0.753471985
  98.357587000	   0.314271994	   0.014152000	   0.648063987
  98.366200000	   0.278647995	   0.009272000	   0.662703987
  98.374813000	   0.218135996	   0.041479999	   0.735415986
  98.383426000	   0.174703997	   0.122487998	   0.789583985
  98.392039000	   0.131271997	   0.195199996	   0.816423984
  98.400652000	   0.104919998	   0.273767995	   0.910607982
  98.409265000	   0.026351999	   0.308903994	   0.988199981
  98.417878000	  -0.059535999	   0.316711994	   1.060911980
  98.426491000	  -0.126879998	   0.305975994	   1.091655979
  98.435104000	  -0.203495996	   0.266447995	   1.106783979
  98.443717000	  -0.313295994	   0.206911996	   1.010159981
  98.452330000	  -0.417727992	   0.148839997	   0.956967982
  98.460943000	  -0.498735990	   0.162015997	   1.005767981
  98.469556000	  -0.553879989	   0.188855996	   1.051639980
  98.478169000	  -0.581207989	   0.195199996	   1.105319979
  98.486782000	  -0.591943989	   0.211791996	   1.147775978
  98.495395000	  -0.636839988	   0.223503996	   1.141431978
  98.504008000	  -0.701743986	   0.250343995	   1.110687979
  98.512621000	  -0.806175984	   0.295727994	   1.104343979
  98.521234000	  -0.900359983	   0.319151994	   1.093119979
  98.529847000	  -0.993567981	   0.340623993	   1.186815977
  98.538460000	  -1.067255979	   0.364047993	   1.337119974
  98.547073000	  -1.122399978	   0.369903993	   1.454727972
  98.555686000	  -1.170711977	   0.407967992	   1.487423971
  98.564299000	  -1.218047976	   0.429927992	   1.464487972
  98.572912000	  -1.287831975	   0.434807992	   1.408855973
  98.581525000	  -1.350783974	   0.464087991	   1.355663974
  98.590138000	  -1.368839974	   0.481655991	   1.417639973
  98.598751000	  -1.347855974	   0.461159991	   1.420567973
  98.607364000	  -1.282463975	   0.426999992	   1.345415974
  98.615977000	  -1.187303977	   0.411871992	   1.205847977
  98.624590000	  -1.080919979	   0.410895992	   1.121911978
  98.633203000	  -0.992103981	   0.442615991	   1.095071979
  98.641816000	  -0.934519982	   0.486535991	   1.073599979
  98.650429000	  -0.887183983	   0.525575990	   1.054567980
  98.659042000	  -0.810567984	   0.541679990	   1.003815981
  98.667655000	  -0.700279986	   0.542167990	   0.925247982
  98.676268000	  -0.569983989	   0.539727990	   0.895479983
  98.684881000	  -0.435295992	   0.561199989	   0.936471982
  98.693494000	  -0.298167994	   0.606095988	   1.008695981
  98.702107000	  -0.195199996	   0.651479987	   1.080919979
  98.710720000	  -0.129319998	   0.686615987	   1.108247979
  98.719333000	  -0.076127999	   0.681735987	   1.101415979
  98.727946000	  -0.019520000	   0.657335987	   1.053591980
  98.736559000	   0.044895999	   0.622199988	   0.965263981
  98.745172000	   0.135175997	   0.560223989	   0.851071984
  98.753785000	   0.263519995	   0.483607991	   0.793975985
  98.762398000	   0.394303992	   0.421143992	   0.794951985
  98.771011000	   0.539727990	   0.365999993	   0.827647984
  98.779624000	   0.631959988	   0.312807994	   0.834479984
  98.788237000	   0.691983987	   0.284015995	   0.844727984
  98.796850000	   0.694911987	   0.251319995	   0.898895983
  98.805463000	   0.684175987	   0.222039996	   0.839847984
  98.814076000	   0.682223987	   0.177631997	   0.775431985
  98.822689000	   0.713455986	   0.123463998	   0.731999986
  98.831302000	   0.799831985	   0.076615999	   0.700767986
  98.839915000	   0.893527983	   0.020984000	   0.656359987
  98.848528000	   0.985759981	  -0.041479999	   0.604143988
  98.857141000	   1.076039979	  -0.060511999	   0.624151988
  98.865754000	   1.118495978	  -0.086863998	   0.710039986
  98.874367000	   1.123863978	  -0.113215998	   0.700767986
  98.882980000	   1.122399978	  -0.133711997	   0.658311987
  98.891593000	   1.139967978	  -0.131271997	   0.618783988
  98.900206000	   1.153143978	  -0.141031997	   0.627079988
  98.908819000	   1.155583978	  -0.153231997	   0.669047987
  98.917432000	   1.164367978	  -0.155671997	   0.666607987
  98.926045000	   1.190719977	  -0.129807997	   0.621711988
  98.934658000	   1.216583977	  -0.114679998	   0.621711988
  98.943271000	   1.237079976	  -0.073687999	   0.650991987
  98.951884000	   1.230247976	  -0.045871999	   0.674415987
  98.960497000	   1.194135977	  -0.034159999	   0.688567987
  98.969110000	   1.134599978	  -0.035135999	   0.670999987
  98.977723000	   1.044807980	  -0.057095999	   0.633911988
  98.986336000	   0.939887982	  -0.080031998	   0.576815989
  98.994949000	   0.850095984	  -0.084423998	   0.506543990
  99.003562000	   0.784215985	  -0.069783999	   0.475311991
  99.012175000	   0.755911985	  -0.053679999	   0.486535991
  99.020788000	   0.734927986	  -0.003416000	   0.565591989
  99.029401000	   0.696375987	   0.023424000	   0.597799988
  99.038014000	   0.710527986	   0.114191998	   0.705159986
  99.046627000	   0.691983987	   0.147863997	   0.669047987
  99.055240000	   0.740783986	   0.145911997	   0.706623986
  99.063853000	   0.705159986	   0.210815996	   0.722727986
  99.072466000	   0.676367987	   0.210327996	   0.763231985
  99.081079000	   0.597799988	   0.288895994	   0.816911984
  99.089692000	   0.476775991	   0.330375994	   0.791047985
  99.098305000	   0.329887994	   0.349407993	   0.734439986
  99.106918000	   0.167383997	   0.338671993	   0.736391986
  99.115531000	   0.010248000	   0.308415994	   0.875471983
  99.124144000	  -0.124927998	   0.275231995	   0.990639981
  99.132757000	  -0.237655995	   0.251807995	   0.998447981
  99.141370000	  -0.310367994	   0.200567996	   0.976487981
  99.149983000	  -0.351847993	   0.149327997	   0.940863982
  99.158596000	  -0.380639993	   0.105895998	   0.916951982
  99.167209000	  -0.396255992	   0.062951999	   0.875959983
  99.175822000	  -0.416263992	   0.116143998	   0.884743983
  99.184435000	  -0.452863991	   0.203983996	   0.972095981
  99.193048000	  -0.508007990	   0.274743995	   1.096047979
  99.201661000	  -0.546559989	   0.358191993	   1.208775977
  99.210274000	  -0.594383989	   0.427975992	   1.297103975
  99.218887000	  -0.659775987	   0.482631991	   1.321991974
  99.227500000	  -0.771039985	   0.479703991	   1.331263974
  99.236113000	  -0.914023982	   0.479703991	   1.387383973
  99.244726000	  -1.051639980	   0.481655991	   1.467415972
  99.253339000	  -1.143871978	   0.477751991	   1.488399971
  99.261952000	  -1.194135977	   0.457255991	   1.486447971
  99.270565000	  -1.210239977	   0.460671991	   1.513287971
  99.279178000	  -1.193159977	   0.446519991	   1.524999971
  99.287791000	  -1.147775978	   0.431879992	   1.494743971
  99.296404000	  -1.102391979	   0.423095992	   1.437159972
  99.305017000	  -1.061887980	   0.421143992	   1.382503973
  99.313630000	  -1.020895980	   0.408455992	   1.341511974
  99.322243000	  -0.968679981	   0.382103993	   1.328335974
  99.330856000	  -0.903775983	   0.354775993	   1.282463975
  99.339469000	  -0.834479984	   0.318663994	   1.202919977
  99.348082000	  -0.798367985	   0.295239994	   1.156559978
  99.356695000	  -0.779823985	   0.280111995	   1.161927978
  99.365308000	  -0.743711986	   0.250343995	   1.157047978
  99.373921000	  -0.690519987	   0.212767996	   1.080919979
  99.382534000	  -0.630007988	   0.208863996	   1.038463980
  99.391147000	  -0.566567989	   0.214231996	   1.072623979
  99.399760000	  -0.485071991	   0.205935996	   1.055055980
  99.408373000	  -0.377223993	   0.198615996	   1.010159981
  99.416986000	  -0.249855995	   0.195199996	   0.980879981
  99.425599000	  -0.116631998	   0.177143997	   0.941839982
  99.434212000	  -0.003904000	   0.135175997	   0.932567982
  99.442825000	   0.088327998	   0.125415998	   0.930615982
  99.451438000	   0.160551997	   0.138103997	   0.935495982
  99.460051000	   0.217647996	   0.150791997	   0.931591982
  99.468664000	   0.282063995	   0.150791997	   0.906703983
  99.477277000	   0.359167993	   0.121023998	   0.874983983
  99.485890000	   0.439199992	   0.103943998	   0.898407983
  99.494503000	   0.510447990	   0.100527998	   0.950623982
  99.503116000	   0.555343989	   0.090279998	   0.974535981
  99.511729000	   0.561687989	   0.074175999	   0.995519981
  99.520342000	   0.552415989	   0.040991999	   0.984295981
  99.528955000	   0.543143990	   0.009272000	   0.961847981
  99.537568000	   0.535823990	  -0.033671999	   0.881327983
  99.546181000	   0.501175990	  -0.070271999	   0.792023985
  99.554794000	   0.508495990	  -0.069783999	   0.785679985
  99.563407000	   0.567055989	  -0.020008000	   0.901335983
  99.572020000	   0.627079988	  -0.015128000	   0.871567983
  99.580633000	   0.697351987	   0.001464000	   0.822767984
  99.589246000	   0.725167986	   0.018544000	   0.868639983
  99.597859000	   0.694911987	   0.039527999	   0.915487982
  99.606472000	   0.648063987	   0.026351999	   0.842287984
  99.615085000	   0.678319987	  -0.010736000	   0.759327985
  99.623698000	   0.774455985	  -0.057095999	   0.710527986
  99.632311000	   0.887183983	  -0.111751998	   0.640255988
  99.640924000	   1.018455980	  -0.115655998	   0.562663989
  99.649537000	   1.149239978	  -0.122975998	   0.430903992
  99.658150000	   1.259527976	  -0.142983997	   0.366487993
  99.666763000	   1.337119974	  -0.109799998	   0.409431992
  99.675376000	   1.388847973	  -0.059047999	   0.470431991
  99.683989000	   1.385431973	   0.005856000	   0.561199989
  99.692602000	   1.324431974	   0.088327998	   0.677343987
  99.701215000	   1.214143977	   0.124439998	   0.753959985
  99.709828000	   1.067255979	   0.132247997	   0.772015985
  99.718441000	   0.915975982	   0.129319998	   0.725167986
  99.727054000	   0.773479985	   0.121999998	   0.703207986
  99.735667000	   0.652455987	   0.094671998	   0.709551986
  99.744280000	   0.566567989	   0.062951999	   0.730535986
  99.752893000	   0.522159990	   0.022448000	   0.722727986
  99.761506000	   0.490927991	  -0.019520000	   0.681247987
  99.770119000	   0.453351991	  -0.030743999	   0.656847987
  99.778732000	   0.427487992	  -0.010736000	   0.693447987
  99.787345000	   0.407967992	   0.027815999	   0.716871986
  99.795958000	   0.360143993	   0.055143999	   0.704183986
  99.804571000	   0.339647993	   0.140055997	   0.825695984
  99.813184000	   0.245951995	   0.201055996	   0.851559984
  99.821797000	   0.164455997	   0.203495996	   0.884255983
  99.830410000	   0.079055998	   0.191295996	   0.909143982
  99.839023000	   0.001464000	   0.164455997	   0.931591982
  99.847636000	  -0.069783999	   0.148839997	   0.937935982
  99.856249000	  -0.136639997	   0.145423997	   0.958919981
  99.864862000	  -0.180071997	   0.144935997	   0.973071981
  99.873475000	  -0.213743996	   0.124927998	   1.004303981
  99.882088000	  -0.239607995	   0.131759997	   1.000399981
  99.890701000	  -0.279623995	   0.148839997	   1.005767981
  99.899314000	  -0.344039993	   0.169335997	   1.037975980
  99.907927000	  -0.408455992	   0.197151996	   1.083359979
  99.916540000	  -0.479215991	   0.219599996	   1.119959978
  99.925153000	  -0.549975989	   0.227407996	   1.167783977
  99.933766000	  -0.607559988	   0.251319995	   1.231711976
  99.942379000	  -0.668559987	   0.294263994	   1.275143975
  99.950992000	  -0.738343986	   0.316223994	   1.314671975
  99.959605000	  -0.809591984	   0.320127994	   1.348831974
  99.968218000	  -0.881815983	   0.306951994	   1.363471974
  99.976831000	  -0.947207982	   0.285967994	   1.377135973
  99.985444000	  -0.991127981	   0.262055995	   1.364447974
  99.994057000	  -1.013087980	   0.237167995	   1.338583974
 100.002670000	  -1.020895980	   0.225455996	   1.318087975
 100.011283000	  -1.010647980	   0.221551996	   1.305887975
 100.019896000	  -0.996983981	   0.201055996	   1.282951975
 100.028509000	  -0.976975981	   0.179583997	   1.248303976
 100.037122000	  -0.934031982	   0.178119997	   1.196575977
 100.045735000	  -0.905727983	   0.189831996	   1.155583978
 100.054348000	  -0.919391982	   0.213743996	   1.143871978
 100.062961000	  -0.949159982	   0.234727995	   1.181447977
 100.071574000	  -0.975511981	   0.224967996	   1.212191977
 100.080187000	  -0.977951981	   0.195687996	   1.218535976
 100.088800000	  -0.939887982	   0.146887997	   1.163391978
 100.097413000	  -0.874983983	   0.104431998	   1.091167979
 100.106026000	  -0.779335985	   0.107359998	   1.038463980
 100.114639000	  -0.690031987	   0.144447997	   1.005279981
 100.123252000	  -0.617319988	   0.184951996	   0.996007981
 100.131865000	  -0.514839990	   0.213743996	   0.983319981
 100.140478000	  -0.383079993	   0.234727995	   0.964775981
 100.149091000	  -0.262055995	   0.247903995	   0.964775981
 100.157704000	  -0.151767997	   0.263519995	   0.975023981
 100.166317000	  -0.061487999	   0.261079995	   0.974047981
 100.174930000	   0.020984000	   0.244487995	   0.960871981
 100.183543000	   0.096623998	   0.215695996	   0.933543982
 100.192156000	   0.191295996	   0.180559997	   0.891575983
 100.200769000	   0.297191994	   0.163479997	   0.881815983
 100.209382000	   0.405039992	   0.168847997	   0.874495983
 100.217995000	   0.485559991	   0.190319996	   0.850095984
 100.226608000	   0.549975989	   0.199103996	   0.846191984
 100.235221000	   0.557295989	   0.207399996	   0.874007983
 100.243834000	   0.550463989	   0.259127995	   0.930127982
 100.252447000	   0.589991989	   0.277183995	   0.949647982
 100.261060000	   0.652943987	   0.239607995	   0.884255983
 100.269673000	   0.712967986	   0.151279997	   0.774455985
 100.278286000	   0.788607985	   0.087839998	   0.695887987
 100.286899000	   0.959895981	   0.032695999	   0.650991987
 100.295512000	   1.199015977	   0.008784000	   0.578767989
 100.304125000	   1.447407972	   0.011224000	   0.462623991
 100.312738000	   1.562575970	   0.065391999	   0.485559991
 100.321351000	   1.553791970	   0.191783996	   0.582183989
 100.329964000	   1.415687973	   0.248391995	   0.662703987
 100.338577000	   1.256111976	   0.202519996	   0.662215987
 100.347190000	   1.165343978	   0.102967998	   0.643183988
 100.355803000	   1.144359978	   0.031231999	   0.627079988
 100.364416000	   1.127279978	  -0.046359999	   0.545583989
 100.373029000	   1.127767978	  -0.046359999	   0.586087989
 100.381642000	   1.117519978	  -0.023912000	   0.602679988
 100.390255000	   1.090679979	   0.005368000	   0.604143988
 100.398868000	   1.003815981	   0.015128000	   0.637815988
 100.407481000	   0.866199983	  -0.004392000	   0.617807988
 100.416094000	   0.727119986	  -0.034159999	   0.610975988
 100.424707000	   0.607559988	  -0.076615999	   0.633911988
 100.433320000	   0.551439989	  -0.098575998	   0.627567988
 100.441933000	   0.575351989	  -0.108823998	   0.603167988
 100.450546000	   0.638303988	  -0.086375998	   0.635863988
 100.459159000	   0.694423987	  -0.003904000	   0.676367987
 100.467772000	   0.713455986	   0.088815998	   0.712479986
 100.476385000	   0.690519987	   0.139567997	   0.755423985
 100.484998000	   0.663191987	   0.140543997	   0.772015985
 100.493611000	   0.626591988	   0.209351996	   0.803247984
 100.502224000	   0.576815989	   0.222039996	   0.782751985
 100.510837000	   0.508007990	   0.193247996	   0.791047985
 100.519450000	   0.463111991	   0.208863996	   0.841311984
 100.528063000	   0.422119992	   0.208863996	   0.824719984
 100.536676000	   0.361119993	   0.183487996	   0.863759983
 100.545289000	   0.332327994	   0.170311997	   0.909631982
 100.553902000	   0.324519994	   0.205447996	   0.946231982
 100.562515000	   0.279135995	   0.178119997	   0.874495983
 100.571128000	   0.219111996	   0.143471997	   0.846191984
 100.579741000	   0.142983997	   0.099551998	   0.868151983
 100.588354000	   0.037575999	   0.071247999	   0.895479983
 100.596967000	  -0.082471998	   0.034159999	   0.871567983
 100.605580000	  -0.197151996	   0.022936000	   0.855463983
 100.614193000	  -0.295239994	   0.032695999	   0.868639983
 100.622806000	  -0.376735993	   0.062951999	   0.925735982
 100.631419000	  -0.428463992	   0.142495997	   1.046271980
 100.640032000	  -0.482143991	   0.264495995	   1.178519977
 100.648645000	  -0.525087990	   0.364535993	   1.271239975
 100.657258000	  -0.553879989	   0.426023992	   1.331263974
 100.665871000	  -0.587063989	   0.468967991	   1.347367974
 100.674484000	  -0.647087988	   0.501663990	   1.361031974
 100.683097000	  -0.759815985	   0.513375990	   1.411295973
 100.691710000	  -0.874007983	   0.497759990	   1.459607972
 100.700323000	  -0.955991982	   0.485559991	   1.449847972
 100.708936000	  -0.993567981	   0.487999991	   1.380063973
 100.717549000	  -1.039439980	   0.428463992	   1.342487974
 100.726162000	  -1.042367980	   0.421631992	   1.377623973
 100.734775000	  -1.021383980	   0.455303991	   1.432767972
 100.743388000	  -0.972095981	   0.488487991	   1.412759973
 100.752001000	  -0.913535982	   0.491415991	   1.344439974
 100.760614000	  -0.880351983	   0.469943991	   1.317111975
 100.769227000	  -0.883767983	   0.439687992	   1.282951975
 100.777840000	  -0.949647982	   0.389911992	   1.222439976
 100.786453000	  -1.005767981	   0.292799994	   1.207311977
 100.795066000	  -1.004303981	   0.204959996	   1.198527977
 100.803679000	  -0.921343982	   0.160551997	   1.120935978
 100.812292000	  -0.798367985	   0.157623997	   0.979415981
 100.820905000	  -0.654895987	   0.213743996	   0.954527982
 100.829518000	  -0.502639990	   0.229847996	   1.001863981
 100.838131000	  -0.364047993	   0.318175994	   1.032119980
 100.846744000	  -0.242047995	   0.371367993	   0.996495981
 100.855357000	  -0.130295997	   0.366975993	   0.999911981
 100.863970000	  -0.045871999	   0.342087993	   1.002351981
 100.872583000	  -0.020496000	   0.341111993	   0.965263981
 100.881196000	  -0.064903999	   0.345991993	   0.945743982
 100.889809000	  -0.146887997	   0.326959994	   0.962823981
 100.898422000	  -0.203495996	   0.307927994	   0.975023981
 100.907035000	  -0.206423996	   0.320615994	   1.050175980
 100.915648000	  -0.124927998	   0.268399995	   1.009183981
 100.924261000	   0.014152000	   0.242047995	   0.956967982
 100.932874000	   0.165919997	   0.239607995	   0.956479982
 100.941487000	   0.303535994	   0.279135995	   1.006743981
 100.950100000	   0.424071992	   0.315247994	   1.046759980
 100.958713000	   0.496295990	   0.321591994	   1.069207979
 100.967326000	   0.506543990	   0.332327994	   1.067743979
 100.975939000	   0.458231991	   0.325983994	   1.045295980
 100.984552000	   0.430415992	   0.311343994	   1.018455980
 100.993165000	   0.431879992	   0.284991995	   1.006743981
 101.001778000	   0.435295992	   0.219599996	   0.981855981
 101.010391000	   0.479215991	   0.180559997	   0.940863982
 101.019004000	   0.525575990	   0.152255997	   0.894503983
 101.027617000	   0.548023989	   0.101503998	   0.848631984
 101.036230000	   0.619271988	   0.102967998	   0.849607984
 101.044843000	   0.717359986	   0.134687997	   0.880351983
 101.053456000	   0.766159985	   0.145423997	   0.869127983
 101.062069000	   0.777383985	   0.148839997	   0.819351984
 101.070682000	   0.800319985	   0.126879998	   0.782263985
 101.079295000	   0.849607984	   0.084423998	   0.725655986
 101.087908000	   0.904263983	   0.042455999	   0.644159988
 101.096521000	   0.954039982	   0.003904000	   0.587063989
 101.105134000	   1.031631980	   0.002440000	   0.589503989
 101.113747000	   1.158999978	   0.046359999	   0.608535988
 101.122360000	   1.294175975	   0.102479998	   0.630983988
 101.130973000	   1.383967973	   0.150791997	   0.669535987
 101.139586000	   1.419103973	   0.180071997	   0.697839987
 101.148199000	   1.401047973	   0.190319996	   0.727119986
 101.156812000	   1.345903974	   0.179583997	   0.736391986
 101.165425000	   1.273679975	   0.142007997	   0.696863987
 101.174038000	   1.198527977	   0.110775998	   0.653919987
 101.182651000	   1.107759979	   0.069295999	   0.612439988
 101.191264000	   1.017479980	   0.024400000	   0.559735989
 101.199877000	   0.926223982	  -0.021472000	   0.517767990
 101.208490000	   0.914511982	  -0.039527999	   0.522647990
 101.217103000	   0.868639983	  -0.071735999	   0.528503990
 101.225716000	   0.847655984	  -0.107847998	   0.529967990
 101.234329000	   0.865223983	  -0.064415999	   0.520207990
 101.242942000	   0.889623983	   0.029767999	   0.543631990
 101.251555000	   0.870591983	   0.133711997	   0.654407987
 101.260168000	   0.829111984	   0.226431996	   0.729559986
 101.268781000	   0.775431985	   0.298655994	   0.763231985
 101.277394000	   0.672463987	   0.340623993	   0.817887984
 101.286007000	   0.545095989	   0.400647992	   0.861807983
 101.294620000	   0.401135992	   0.449935991	   0.862295983
 101.303233000	   0.238631995	   0.447007991	   0.877423983
 101.311846000	   0.112239998	   0.403087992	   0.855463983
 101.320459000	  -0.033183999	   0.289383994	   0.859855983
 101.329072000	  -0.157623997	   0.164943997	   0.849607984
 101.337685000	  -0.251319995	   0.121511998	   0.824231984
 101.346298000	  -0.322567994	   0.119071998	   0.820815984
 101.354911000	  -0.410407992	   0.086375998	   0.861807983
 101.363524000	  -0.480679991	   0.081007998	   0.945743982
 101.372137000	  -0.538263990	   0.057095999	   1.008695981
 101.380750000	  -0.567055989	   0.053191999	   1.031631980
 101.389363000	  -0.589503989	   0.105895998	   1.048711980
 101.397976000	  -0.618783988	   0.182999996	   1.091167979
 101.406589000	  -0.662703987	   0.259615995	   1.176079977
 101.415202000	  -0.722239986	   0.304023994	   1.271727975
 101.423815000	  -0.793975985	   0.326471994	   1.331263974
 101.432428000	  -0.880351983	   0.329887994	   1.366399974
 101.441041000	  -0.963311981	   0.333791994	   1.400559973
 101.449654000	  -1.025775980	   0.331839994	   1.467903972
 101.458267000	  -1.092631979	   0.299631994	   1.472295972
 101.466880000	  -1.120935978	   0.265959995	   1.481567971
 101.475493000	  -1.140455978	   0.224479996	   1.453263972
 101.484106000	  -1.135087978	   0.187879996	   1.394703973
 101.492719000	  -1.104343979	   0.148351997	   1.331263974
 101.501332000	  -1.068231979	   0.131759997	   1.301495975
 101.509945000	  -1.017967980	   0.124439998	   1.277095975
 101.518558000	  -0.958919981	   0.115655998	   1.226831976
 101.527171000	  -0.887671983	   0.121999998	   1.184863977
 101.535784000	  -0.831063984	   0.128343998	   1.141431978
 101.544397000	  -0.800319985	   0.147375997	   1.134111978
 101.553010000	  -0.771039985	   0.176167997	   1.144359978
 101.561623000	  -0.735903986	   0.170799997	   1.128743978
 101.570236000	  -0.695399987	   0.142495997	   1.074087979
 101.578849000	  -0.645135988	   0.139079997	   1.027239980
 101.587462000	  -0.576327989	   0.169335997	   1.029679980
 101.596075000	  -0.539239990	   0.211791996	   1.058959980
 101.604688000	  -0.491903991	   0.251807995	   1.083847979
 101.613301000	  -0.412359992	   0.293775994	   1.128743978
 101.621914000	  -0.303535994	   0.322567994	   1.101415979
 101.630527000	  -0.161039997	   0.318175994	   1.061887980
 101.639140000	  -0.032207999	   0.319151994	   1.032607980
 101.647753000	   0.104919998	   0.329399994	   1.025775980
 101.656366000	   0.185439996	   0.314759994	   0.940863982
 101.664979000	   0.200079996	   0.253271995	   0.892063983
 101.673592000	   0.265471995	   0.231799996	   0.898895983
 101.682205000	   0.265471995	   0.254247995	   0.877423983
 101.690818000	   0.275231995	   0.213255996	   0.834479984
 101.699431000	   0.328911994	   0.142495997	   0.782263985
 101.708044000	   0.410407992	   0.078567998	   0.812519984
 101.716657000	   0.525087990	   0.049287999	   0.815935984
 101.725270000	   0.583647989	   0.050263999	   0.788607985
 101.733883000	   0.652455987	   0.100527998	   0.726143986
 101.742496000	   0.744687986	   0.140055997	   0.731023986
 101.751109000	   0.815935984	   0.162503997	   0.733463986
 101.759722000	   0.878887983	   0.191783996	   0.735903986
 101.768335000	   0.966239981	   0.204959996	   0.792511985
 101.776948000	   1.028215980	   0.186415996	   0.803247984
 101.785561000	   1.071647979	   0.166407997	   0.710039986
 101.794174000	   1.121911978	   0.158599997	   0.616831988
 101.802787000	   1.186815977	   0.148839997	   0.580231989
 101.811400000	   1.239031976	   0.141031997	   0.565103989
 101.820013000	   1.262455976	   0.167871997	   0.551927989
 101.828626000	   1.245863976	   0.224967996	   0.595359989
 101.837239000	   1.222927976	   0.279623995	   0.670511987
 101.845852000	   1.226831976	   0.284503995	   0.672463987
 101.854465000	   1.261479976	   0.245463995	   0.669535987
 101.863078000	   1.290759975	   0.207399996	   0.657823987
 101.871691000	   1.275631975	   0.189831996	   0.644159988
 101.880304000	   1.203407977	   0.214231996	   0.665143987
 101.888917000	   1.118007978	   0.224479996	   0.678807987
 101.897530000	   1.027727980	   0.194711996	   0.640255988
 101.906143000	   0.951111982	   0.177143997	   0.559735989
 101.914756000	   0.890111983	   0.136639997	   0.504103990
 101.923369000	   0.849119984	   0.126391998	   0.477263991
 101.931982000	   0.805199984	   0.130783997	   0.473359991
 101.940595000	   0.762743985	   0.147375997	   0.524111990
 101.949208000	   0.685151987	   0.227895996	   0.617807988
 101.957821000	   0.591943989	   0.223991996	   0.682223987
 101.966434000	   0.508007990	   0.197639996	   0.700767986
 101.975047000	   0.459695991	   0.178607997	   0.676367987
 101.983660000	   0.435295992	   0.178607997	   0.671975987
 101.992273000	   0.415287992	   0.195199996	   0.704671986
 102.000886000	   0.372343993	   0.255223995	   0.684175987
 102.009499000	   0.293775994	   0.252295995	   0.680759987
 102.018112000	   0.202519996	   0.257663995	   0.717847986
 102.026725000	   0.112239998	   0.276695995	   0.731999986
 102.035338000	   0.032207999	   0.268399995	   0.745663986
 102.043951000	  -0.040015999	   0.217647996	   0.775431985
 102.052564000	  -0.102479998	   0.191783996	   0.768599985
 102.061177000	  -0.135663997	   0.207887996	   0.804223984
 102.069790000	  -0.170799997	   0.244487995	   0.886207983
 102.078403000	  -0.230823996	   0.317687994	   0.993079981
 102.087016000	  -0.298167994	   0.398695992	   1.087751979
 102.095629000	  -0.374295993	   0.469943991	   1.131183978
 102.104242000	  -0.470431991	   0.493855990	   1.205359977
 102.112855000	  -0.577791989	   0.468967991	   1.272215975
 102.121468000	  -0.690519987	   0.447007991	   1.325895974
 102.130081000	  -0.802271985	   0.423095992	   1.341999974
 102.138694000	  -0.907191982	   0.372343993	   1.331263974
 102.147307000	  -1.005767981	   0.325495994	   1.314183975
 102.155920000	  -1.122399978	   0.261567995	   1.288807975
 102.164533000	  -1.219999976	   0.199591996	   1.275631975
 102.173146000	  -1.260991976	   0.184951996	   1.294175975
 102.181759000	  -1.259527976	   0.189831996	   1.294663975
 102.190372000	  -1.220975976	   0.199103996	   1.301983975
 102.198985000	  -1.158511978	   0.240095995	   1.314671975
 102.207598000	  -1.077503979	   0.306463994	   1.326871974
 102.216211000	  -1.002351981	   0.361607993	   1.323455974
 102.224824000	  -0.938911982	   0.376247993	   1.282951975
 102.233437000	  -0.906703983	   0.375271993	   1.236591976
 102.242050000	  -0.890599983	   0.382103993	   1.204871977
 102.250663000	  -0.864735983	   0.402111992	   1.222439976
 102.259276000	  -0.863271983	   0.434319992	   1.202431977
 102.267889000	  -0.810079984	   0.456767991	   1.192671977
 102.276502000	  -0.761767985	   0.504103990	   1.197551977
 102.285115000	  -0.717359986	   0.557783989	   1.187791977
 102.293728000	  -0.642207988	   0.594383989	   1.193159977
 102.302341000	  -0.569007989	   0.610975988	   1.199015977
 102.310954000	  -0.504591990	   0.611951988	   1.189743977
 102.319567000	  -0.442127991	   0.611951988	   1.181935977
 102.328180000	  -0.381127993	   0.585599989	   1.180471977
 102.336793000	  -0.319151994	   0.546559989	   1.147775978
 102.345406000	  -0.261567995	   0.491415991	   1.066279979
 102.354019000	  -0.204959996	   0.425535992	   0.965263981
 102.362632000	  -0.144447997	   0.351847993	   0.900359983
 102.371245000	  -0.074663999	   0.282551995	   0.862295983
 102.379858000	  -0.020008000	   0.219111996	   0.816423984
 102.388471000	   0.053191999	   0.168847997	   0.788119985
 102.397084000	   0.138591997	   0.139567997	   0.745175986
 102.405697000	   0.243999995	   0.145423997	   0.710039986
 102.414310000	   0.363559993	   0.156647997	   0.666607987
 102.422923000	   0.470919991	   0.146399997	   0.666607987
 102.431536000	   0.574375989	   0.148351997	   0.730047986
 102.440149000	   0.682711987	   0.167871997	   0.777871985
 102.448762000	   0.765671985	   0.160063997	   0.787631985
 102.457375000	   0.760791985	   0.174215997	   0.806663984
 102.465988000	   0.711015986	   0.209839996	   0.846679984
 102.474601000	   0.666607987	   0.205447996	   0.867175983
 102.483214000	   0.636839988	   0.130783997	   0.816423984
 102.491827000	   0.608535988	   0.020984000	   0.686127987
 102.500440000	   0.656847987	  -0.022448000	   0.605119988
 102.509053000	   0.729559986	  -0.006344000	   0.649039987
 102.517666000	   0.762743985	   0.019520000	   0.767623985
 102.526279000	   0.799343985	   0.132247997	   0.798367985
 102.534892000	   0.901823983	   0.210815996	   0.731023986
 102.543505000	   0.986735981	   0.243023995	   0.732487986
 102.552118000	   1.050663980	   0.305975994	   0.761767985
 102.560731000	   1.118983978	   0.343063993	   0.802759985
 102.569344000	   1.156071978	   0.335743994	   0.838383984
 102.577957000	   1.156559978	   0.298167994	   0.859367983
 102.586570000	   1.152167978	   0.266935995	   0.846191984
 102.595183000	   1.150703978	   0.240095995	   0.799343985
 102.603796000	   1.136551978	   0.185927996	   0.739807986
 102.612409000	   1.101415979	   0.128343998	   0.673927987
 102.621022000	   1.044807980	   0.083447998	   0.616831988
 102.629635000	   0.962335981	   0.033183999	   0.561687989
 102.638248000	   0.887671983	  -0.022936000	   0.515327990
 102.646861000	   0.830087984	  -0.056607999	   0.510447990
 102.655474000	   0.771039985	  -0.063927999	   0.511423990
 102.664087000	   0.708575986	  -0.064903999	   0.517767990
 102.672700000	   0.649527987	  -0.053679999	   0.572423989
 102.681313000	   0.598775988	  -0.025376000	   0.656847987
 102.689926000	   0.580719989	   0.011224000	   0.703207986
 102.698539000	   0.583647989	   0.028791999	   0.736391986
 102.707152000	   0.591943989	   0.050263999	   0.783239985
 102.715765000	   0.612927988	   0.080031998	   0.792511985
 102.724378000	   0.630007988	   0.092719998	   0.775919985
 102.732991000	   0.619759988	   0.108335998	   0.771527985
 102.741604000	   0.571447989	   0.122487998	   0.734927986
 102.750217000	   0.501175990	   0.135663997	   0.739807986
 102.758830000	   0.437735992	   0.153231997	   0.776407985
 102.767443000	   0.385031993	   0.161527997	   0.776407985
 102.776056000	   0.316223994	   0.127855998	   0.796903985
 102.784669000	   0.249855995	   0.111263998	   0.823255984
 102.793282000	   0.200567996	   0.132735997	   0.885719983
 102.801895000	   0.146399997	   0.157135997	   0.922319982
 102.810508000	   0.099551998	   0.149815997	   0.905239983
 102.819121000	   0.054167999	   0.143471997	   0.880351983
 102.827734000	  -0.005856000	   0.170799997	   0.884743983
 102.836347000	  -0.078079998	   0.210815996	   0.915975982
 102.844960000	  -0.160551997	   0.236679995	   1.005279981
 102.853573000	  -0.248879995	   0.236191995	   1.058471980
 102.862186000	  -0.328911994	   0.212767996	   1.064327979
 102.870799000	  -0.390399992	   0.223503996	   1.088239979
 102.879412000	  -0.460671991	   0.255711995	   1.129231978
 102.888025000	  -0.563151989	   0.262055995	   1.179983977
 102.896638000	  -0.678807987	   0.264983995	   1.205359977
 102.905251000	  -0.778847985	   0.265959995	   1.220487976
 102.913864000	  -0.857415983	   0.267423995	   1.269287976
 102.922477000	  -0.910607982	   0.275231995	   1.322967974
 102.931090000	  -0.936471982	   0.277183995	   1.343463974
 102.939703000	  -0.929151982	   0.257663995	   1.300519975
 102.948316000	  -0.920367982	   0.264007995	   1.266359976
 102.956929000	  -0.973071981	   0.341111993	   1.293199975
 102.965542000	  -1.024799980	   0.427975992	   1.420079973
 102.974155000	  -1.096535979	   0.441639991	   1.510359971
 102.982768000	  -1.120447978	   0.462623991	   1.484007971
 102.991381000	  -1.121423978	   0.477751991	   1.480591971
 102.999994000	  -1.090191979	   0.464575991	   1.443991972
 103.008607000	  -1.022359980	   0.443103991	   1.374207973
 103.017220000	  -0.950135982	   0.456279991	   1.271239975
 103.025833000	  -0.866199983	   0.501663990	   1.230735976
 103.034446000	  -0.808615984	   0.548511989	   1.205847977
 103.043059000	  -0.722727986	   0.582183989	   1.211215977
 103.051672000	  -0.645135988	   0.577791989	   1.210239977
 103.060285000	  -0.576327989	   0.569007989	   1.184375977
 103.068898000	  -0.515327990	   0.581695989	   1.164855978
 103.077511000	  -0.474823991	   0.599263988	   1.153631978
 103.086124000	  -0.456767991	   0.610975988	   1.177055977
 103.094737000	  -0.425047992	   0.616831988	   1.176567977
 103.103350000	  -0.364047993	   0.613903988	   1.131671978
 103.111963000	  -0.290359994	   0.616831988	   1.092631979
 103.120576000	  -0.217647996	   0.621223988	   1.041879980
 103.129189000	  -0.150303997	   0.614391988	   0.985271981
 103.137802000	  -0.091743998	   0.591943989	   0.950623982
 103.146415000	  -0.029279999	   0.550951989	   0.929639982
 103.155028000	   0.042943999	   0.512887990	   0.895479983
 103.163641000	   0.122975998	   0.478239991	   0.858879983
 103.172254000	   0.229847996	   0.440663991	   0.815447984
 103.180867000	   0.336719994	   0.408455992	   0.784215985
 103.189480000	   0.429927992	   0.389423992	   0.763719985
 103.198093000	   0.483607991	   0.383567993	   0.786167985
 103.206706000	   0.512399990	   0.407967992	   0.794951985
 103.215319000	   0.544607989	   0.423095992	   0.744199986
 103.223932000	   0.638791988	   0.406503992	   0.684663987
 103.232545000	   0.787143985	   0.359655993	   0.623175988
 103.241158000	   0.941839982	   0.313295994	   0.597311988
 103.249771000	   1.072623979	   0.309391994	   0.628543988
 103.258384000	   1.162415978	   0.337207993	   0.684175987
 103.266997000	   1.214143977	   0.346967993	   0.708575986
 103.275610000	   1.248303976	   0.334767994	   0.699791986
 103.284223000	   1.260991976	   0.307439994	   0.677343987
 103.292836000	   1.277583975	   0.273767995	   0.628055988
 103.301449000	   1.334191974	   0.225455996	   0.559247989
 103.310062000	   1.394703973	   0.163967997	   0.528503990
 103.318675000	   1.446919972	   0.128831998	   0.539727990
 103.327288000	   1.469855972	   0.107847998	   0.577791989
 103.335901000	   1.460095972	   0.068807999	   0.609511988
 103.344514000	   1.481079971	   0.039039999	   0.579743989
 103.353127000	   1.468879972	   0.009272000	   0.498247990
 103.361740000	   1.402999973	  -0.057095999	   0.444567991
 103.370353000	   1.301495975	  -0.103455998	   0.423583992
 103.378966000	   1.149727978	  -0.107847998	   0.392839992
 103.387579000	   1.046759980	  -0.137615997	   0.272791995
 103.396192000	   0.950623982	  -0.150303997	   0.196175996
 103.404805000	   0.906703983	  -0.166407997	   0.194711996
 103.413418000	   0.889135983	  -0.191295996	   0.281087995
 103.422031000	   0.894991983	  -0.185927996	   0.397719992
 103.430644000	   0.906215983	  -0.111263998	   0.516791990
 103.439257000	   0.912559982	  -0.014152000	   0.598775988
 103.447870000	   0.886207983	   0.022448000	   0.602191988
 103.456483000	   0.779823985	   0.091743998	   0.602679988
 103.465096000	   0.619271988	   0.102479998	   0.623663988
 103.473709000	   0.466527991	   0.163479997	   0.691983987
 103.482322000	   0.339647993	   0.152743997	   0.685639987
 103.490935000	   0.241071995	   0.088327998	   0.729559986
 103.499548000	   0.184951996	   0.051239999	   0.752007985
 103.508161000	   0.153719997	   0.031231999	   0.718823986
 103.516774000	   0.121511998	   0.000488000	   0.664167987
 103.525387000	   0.066855999	  -0.018056000	   0.620247988
 103.534000000	  -0.003904000	   0.019520000	   0.622687988
 103.542614000	  -0.092719998	   0.093207998	   0.707599986
 103.551228000	  -0.188367996	   0.222527996	   0.850095984
 103.559842000	  -0.307927994	   0.302559994	   1.009671981
 103.568456000	  -0.414311992	   0.317687994	   1.104343979
 103.577070000	  -0.470919991	   0.332327994	   1.164855978
 103.585684000	  -0.496783990	   0.346479993	   1.205847977
 103.594298000	  -0.533871990	   0.382103993	   1.256111976
 103.602912000	  -0.614879988	   0.422119992	   1.331263974
 103.611526000	  -0.710527986	   0.482143991	   1.419591973
 103.620140000	  -0.803247984	   0.506543990	   1.496207971
 103.628754000	  -0.897431983	   0.470431991	   1.501575971
 103.637368000	  -0.994543981	   0.422119992	   1.448871972
 103.645982000	  -1.081407979	   0.396743992	   1.419103973
 103.654596000	  -1.170223977	   0.380151993	   1.469367972
 103.663210000	  -1.230247976	   0.347455993	   1.523047971
 103.671824000	  -1.257575976	   0.318175994	   1.539151970
 103.680438000	  -1.243911976	   0.296215994	   1.490351971
 103.689052000	  -1.210727977	   0.265471995	   1.436671972
 103.697666000	  -1.176567977	   0.255711995	   1.372743974
 103.706280000	  -1.147775978	   0.247903995	   1.352735974
 103.714894000	  -1.107271979	   0.224967996	   1.320039975
 103.723508000	  -1.051639980	   0.184463996	   1.212191977
 103.732122000	  -0.997471981	   0.126879998	   1.146311978
 103.740736000	  -0.935983982	   0.091743998	   1.091167979
 103.749350000	  -0.869615983	   0.053679999	   1.033583980
 103.757964000	  -0.797879985	   0.023912000	   0.992591981
 103.766578000	  -0.719311986	   0.014640000	   0.970143981
 103.775192000	  -0.637327988	   0.027815999	   0.958919981
 103.783806000	  -0.557295989	   0.029279999	   0.962335981
 103.792420000	  -0.483607991	   0.017080000	   0.939887982
 103.801034000	  -0.411871992	   0.019032000	   0.934031982
 103.809648000	  -0.336231994	   0.014640000	   0.944279982
 103.818262000	  -0.264007995	  -0.011712000	   0.923295982
 103.826876000	  -0.197639996	  -0.026351999	   0.938911982
 103.835490000	  -0.117119998	  -0.022936000	   0.922807982
 103.844104000	  -0.016592000	  -0.038551999	   0.913047982
 103.852718000	   0.074175999	  -0.061975999	   0.875471983
 103.861332000	   0.179583997	  -0.074175999	   0.825695984
 103.869946000	   0.282063995	  -0.115655998	   0.814471984
 103.878560000	   0.344039993	  -0.134687997	   0.781775985
 103.887174000	   0.423095992	  -0.171775997	   0.809103984
 103.895788000	   0.431879992	  -0.198615996	   0.751519985
 103.904402000	   0.456767991	  -0.207399996	   0.652943987
 103.913016000	   0.509959990	  -0.208863996	   0.573399989
 103.921630000	   0.601215988	  -0.200567996	   0.568031989
 103.930244000	   0.705159986	  -0.187391996	   0.598775988
 103.938858000	   0.800319985	  -0.135175997	   0.702719986
 103.947472000	   0.879375983	  -0.037575999	   0.822279984
 103.956086000	   0.921343982	   0.023424000	   0.876935983
 103.964700000	   0.948671982	   0.021472000	   0.873519983
 103.973314000	   0.976487981	   0.000000000	   0.827647984
 103.981928000	   0.972095981	  -0.000488000	   0.791535985
 103.990542000	   0.973071981	  -0.003416000	   0.754935985
 103.999156000	   0.981855981	  -0.040503999	   0.698815987
 104.007770000	   0.996495981	  -0.081495998	   0.663191987
 104.016384000	   1.012599980	  -0.101503998	   0.638791988
 104.024998000	   1.038951980	  -0.110775998	   0.604631988
 104.033612000	   1.075063979	  -0.108823998	   0.560711989
 104.042226000	   1.113615979	  -0.093207998	   0.555343989
 104.050840000	   1.138503978	  -0.045383999	   0.604631988
 104.059454000	   1.147775978	   0.016104000	   0.655383987
 104.068068000	   1.143871978	   0.069295999	   0.693935987
 104.076682000	   1.124351978	   0.108335998	   0.738831986
 104.085296000	   1.038463980	   0.152743997	   0.773967985
 104.093910000	   0.907679982	   0.182511996	   0.817887984
 104.102524000	   0.766159985	   0.166895997	   0.825207984
 104.111138000	   0.663191987	   0.122487998	   0.783727985
 104.119752000	   0.608047988	   0.086375998	   0.728583986
 104.128366000	   0.576327989	   0.065879999	   0.674903987
 104.136980000	   0.561199989	   0.074175999	   0.659775987
 104.145594000	   0.553391989	   0.104431998	   0.665631987
 104.154208000	   0.561199989	   0.133223997	   0.679295987
 104.162822000	   0.568519989	   0.162503997	   0.675879987
 104.171436000	   0.555343989	   0.172263997	   0.672463987
 104.180050000	   0.567055989	   0.168847997	   0.701743986
 104.188664000	   0.530943990	   0.222039996	   0.720287986
 104.197278000	   0.445543991	   0.238631995	   0.706623986
 104.205892000	   0.350383993	   0.300607994	   0.736391986
 104.214506000	   0.239607995	   0.346967993	   0.780799985
 104.223120000	   0.122975998	   0.340135993	   0.874007983
 104.231734000	   0.021472000	   0.343551993	   0.933543982
 104.240348000	  -0.085399998	   0.351847993	   0.962335981
 104.248962000	  -0.200079996	   0.356727993	   0.968679981
 104.257576000	  -0.316223994	   0.387959993	   0.972583981
 104.266190000	  -0.470431991	   0.378199993	   1.017967980
 104.274804000	  -0.591455989	   0.391863992	   1.063351979
 104.283418000	  -0.693447987	   0.439687992	   1.076527979
 104.292032000	  -0.787631985	   0.517767990	   1.069207979
 104.300646000	  -0.916951982	   0.571935989	   1.123375978
 104.309260000	  -1.043343980	   0.601215988	   1.247815976
 104.317874000	  -1.141919978	   0.623663988	   1.356151974
 104.326488000	  -1.227807976	   0.636839988	   1.426911972
 104.335102000	  -1.302471975	   0.650015987	   1.461559972
 104.343716000	  -1.362495974	   0.657823987	   1.515727971
 104.352330000	  -1.421543973	   0.684663987	   1.575263970
 104.360944000	  -1.475223972	   0.677831987	   1.617719969
 104.369558000	  -1.492791971	   0.645623988	   1.637727968
 104.378172000	  -1.468391972	   0.613903988	   1.598687969
 104.386786000	  -1.415687973	   0.594383989	   1.580631969
 104.395400000	  -1.322479974	   0.546559989	   1.512311971
 104.404014000	  -1.211703977	   0.446031991	   1.377135973
 104.412628000	  -1.080431979	   0.345015993	   1.239519976
 104.421242000	  -0.937447982	   0.258639995	   1.098975979
 104.429856000	  -0.813007984	   0.170311997	   0.975023981
 104.438470000	  -0.652455987	   0.085399998	   0.912559982
 104.447084000	  -0.545583989	   0.034159999	   0.838383984
 104.455698000	  -0.445543991	  -0.001464000	   0.816911984
 104.464312000	  -0.387471993	  -0.035135999	   0.782751985
 104.472926000	  -0.334279994	  -0.040503999	   0.775919985
 104.481540000	  -0.283039995	   0.011224000	   0.835943984
 104.490154000	  -0.229847996	   0.065879999	   0.879375983
 104.498768000	  -0.164943997	   0.082471998	   0.896943983
 104.507382000	  -0.078567998	   0.081983998	   0.888647983
 104.515996000	   0.030255999	   0.084423998	   0.852535984
 104.524610000	   0.135175997	   0.086863998	   0.827647984
 104.533224000	   0.223015996	   0.110775998	   0.827647984
 104.541838000	   0.303535994	   0.127855998	   0.845703984
 104.550452000	   0.388935992	   0.135663997	   0.815935984
 104.559066000	   0.467991991	   0.136151997	   0.785679985
 104.567680000	   0.535335990	   0.159087997	   0.773967985
 104.576294000	   0.585599989	   0.186415996	   0.789583985
 104.584908000	   0.642207988	   0.225455996	   0.807151984
 104.593522000	   0.686615987	   0.260591995	   0.825695984
 104.602136000	   0.730047986	   0.285479994	   0.864247983
 104.610750000	   0.790071985	   0.305487994	   0.914999982
 104.619364000	   0.861807983	   0.323055994	   0.924271982
 104.627978000	   0.933055982	   0.329399994	   0.903287983
 104.636592000	   0.994055981	   0.335743994	   0.874007983
 104.645206000	   1.043343980	   0.331839994	   0.827159984
 104.653820000	   1.055055980	   0.321591994	   0.818863984
 104.662434000	   1.045783980	   0.291823994	   0.805199984
 104.671048000	   1.030655980	   0.262543995	   0.759815985
 104.679662000	   1.030655980	   0.264983995	   0.734439986
 104.688276000	   1.055055980	   0.255223995	   0.722239986
 104.696890000	   1.085799979	   0.224479996	   0.704671986
 104.705504000	   1.105319979	   0.208375996	   0.696863987
 104.714118000	   1.093607979	   0.201055996	   0.695399987
 104.722732000	   1.046759980	   0.189831996	   0.708087986
 104.731346000	   0.962335981	   0.163967997	   0.705159986
 104.739960000	   0.860343983	   0.122487998	   0.659287987
 104.748574000	   0.759815985	   0.068319999	   0.587551989
 104.757188000	   0.686127987	   0.038063999	   0.548511989
 104.765802000	   0.639767988	   0.040991999	   0.542655990
 104.774416000	   0.610487988	   0.058071999	   0.544607989
 104.783030000	   0.609999988	   0.101503998	   0.565103989
 104.791644000	   0.620247988	   0.138103997	   0.593895989
 104.800258000	   0.641719988	   0.174215997	   0.663679987
 104.808872000	   0.650015987	   0.226431996	   0.747127986
 104.817486000	   0.619759988	   0.244975995	   0.815935984
 104.826100000	   0.585111989	   0.302071994	   0.841799984
 104.834714000	   0.546071989	   0.379175993	   0.829111984
 104.843328000	   0.514839990	   0.418703992	   0.815447984
 104.851942000	   0.479703991	   0.422119992	   0.809103984
 104.860556000	   0.451887991	   0.371855993	   0.823743984
 104.869170000	   0.386007993	   0.343551993	   0.877423983
 104.877784000	   0.357703993	   0.355751993	   0.895967983
 104.886398000	   0.338183993	   0.338671993	   0.864735983
 104.895012000	   0.293287994	   0.317687994	   0.796415985
 104.903626000	   0.231799996	   0.332327994	   0.776407985
 104.912240000	   0.158111997	   0.327447994	   0.803735984
 104.920854000	   0.076615999	   0.317199994	   0.830087984
 104.929468000	   0.016592000	   0.360143993	   0.835455984
 104.938082000	  -0.087839998	   0.385031993	   0.883767983
 104.946696000	  -0.212279996	   0.399671992	   0.935983982
 104.955310000	  -0.355263993	   0.416263992	   1.006743981
 104.963924000	  -0.501175990	   0.434807992	   1.057007980
 104.972538000	  -0.615855988	   0.458719991	   1.138503978
 104.981152000	  -0.682711987	   0.493367990	   1.257575976
 104.989766000	  -0.698327987	   0.523135990	   1.267335976
 104.998380000	  -0.789095985	   0.470919991	   1.239031976
 105.006994000	  -0.841311984	   0.510447990	   1.210239977
 105.015608000	  -0.889135983	   0.548023989	   1.281487975
 105.024222000	  -0.916951982	   0.584623989	   1.361519974
 105.032836000	  -0.961359981	   0.612439988	   1.383479973
 105.041450000	  -1.006743981	   0.624151988	   1.428863972
 105.050064000	  -1.066279979	   0.626103988	   1.485959971
 105.058678000	  -1.129231978	   0.604143988	   1.523047971
 105.067292000	  -1.164855978	   0.587063989	   1.545007970
 105.075906000	  -1.159975978	   0.572911989	   1.547935970
 105.084520000	  -1.127767978	   0.548023989	   1.524999971
 105.093134000	  -1.090679979	   0.507031990	   1.467415972
 105.101748000	  -1.047735980	   0.449935991	   1.405439973
 105.110362000	  -1.016503980	   0.376247993	   1.316623975
 105.118976000	  -0.966727981	   0.325007994	   1.219999976
 105.127590000	  -0.901823983	   0.273279995	   1.149239978
 105.136204000	  -0.842287984	   0.240095995	   1.116543978
 105.144818000	  -0.767135985	   0.223991996	   1.079943979
 105.153432000	  -0.671975987	   0.219599996	   1.052127980
 105.162046000	  -0.563639989	   0.227407996	   1.025775980
 105.170660000	  -0.466527991	   0.208863996	   1.001375981
 105.179274000	  -0.388447993	   0.206911996	   0.994055981
 105.187888000	  -0.327447994	   0.220087996	   1.006255981
 105.196502000	  -0.244487995	   0.220575996	   1.023823980
 105.205116000	  -0.141031997	   0.198615996	   1.028703980
 105.213730000	  -0.035135999	   0.186415996	   1.001863981
 105.222344000	   0.054167999	   0.182999996	   0.981367981
 105.230958000	   0.117607998	   0.183975996	   0.971607981
 105.239572000	   0.165431997	   0.172263997	   0.963799981
 105.248186000	   0.183487996	   0.144935997	   0.947207982
 105.256800000	   0.172263997	   0.122975998	   0.920855982
 105.265414000	   0.145423997	   0.127367998	   0.918415982
 105.274028000	   0.147375997	   0.131271997	   0.952087982
 105.282642000	   0.197151996	   0.128831998	   0.960383981
 105.291256000	   0.260103995	   0.113703998	   0.884255983
 105.299870000	   0.355751993	   0.097599998	   0.785191985
 105.308484000	   0.452375991	   0.115167998	   0.724679986
 105.317098000	   0.573399989	   0.134687997	   0.719799986
 105.325712000	   0.695399987	   0.193735996	   0.767135985
 105.334326000	   0.845215984	   0.258151995	   0.806175984
 105.342940000	   0.955015982	   0.289383994	   0.840335984
 105.351554000	   1.016991980	   0.328423994	   0.874983983
 105.360168000	   1.014063980	   0.376735993	   0.873519983
 105.368782000	   1.034071980	   0.418703992	   0.841311984
 105.377396000	   1.073599979	   0.446031991	   0.767623985
 105.386010000	   1.126303978	   0.438711992	   0.668071987
 105.394624000	   1.150703978	   0.385031993	   0.488975991
 105.403238000	   1.250255976	   0.336231994	   0.342087993
 105.411852000	   1.342487974	   0.294751994	   0.297191994
 105.420466000	   1.391775973	   0.233263995	   0.352335993
 105.429080000	   1.416175973	   0.166407997	   0.421631992
 105.437694000	   1.420079973	   0.131271997	   0.426511992
 105.446308000	   1.356151974	   0.115655998	   0.404063992
 105.454922000	   1.241959976	   0.111751998	   0.417239992
 105.463536000	   1.101415979	   0.098087998	   0.431391992
 105.472150000	   0.954039982	   0.058559999	   0.395279992
 105.480764000	   0.837407984	   0.011224000	   0.363071993
 105.489378000	   0.737855986	  -0.018056000	   0.371367993
 105.497992000	   0.676855987	  -0.034159999	   0.428463992
 105.506606000	   0.666119987	  -0.005368000	   0.524111990
 105.515220000	   0.679295987	   0.051727999	   0.595359989
 105.523834000	   0.646599988	   0.108335998	   0.654895987
 105.532448000	   0.681735987	   0.161039997	   0.756399985
 105.541062000	   0.631471988	   0.243999995	   0.862783983
 105.549676000	   0.591943989	   0.306463994	   0.938423982
 105.558290000	   0.536799990	   0.320615994	   0.949159982
 105.566904000	   0.502151990	   0.354287993	   1.012599980
 105.575518000	   0.438711992	   0.362583993	   0.975999981
 105.584132000	   0.375759993	   0.318175994	   0.964287981
 105.592746000	   0.320127994	   0.233263995	   0.887183983
 105.601360000	   0.277671995	   0.159087997	   0.796415985
 105.609974000	   0.224967996	   0.143471997	   0.768599985
 105.618588000	   0.162015997	   0.179583997	   0.796415985
 105.627202000	   0.101991998	   0.220087996	   0.809103984
 105.635816000	   0.025864000	   0.282551995	   0.916463982
 105.644430000	  -0.072223999	   0.338183993	   0.930615982
 105.653044000	  -0.168359997	   0.397719992	   0.923783982
 105.661658000	  -0.306463994	   0.440663991	   0.960871981
 105.670272000	  -0.471895991	   0.491903991	   1.026263980
 105.678886000	  -0.643183988	   0.538751990	   1.090679979
 105.687500000	  -0.793975985	   0.543143990	   1.155095978
 105.696114000	  -0.940863982	   0.540703990	   1.186815977
 105.704728000	  -1.075063979	   0.598287988	   1.323943974
 105.713342000	  -1.152167978	   0.719311986	   1.508407971
 105.721956000	  -1.217071977	   0.785679985	   1.614791969
 105.730570000	  -1.218047976	   0.792023985	   1.601615969
 105.739184000	  -1.246351976	   0.744199986	   1.565991970
 105.747798000	  -1.202431977	   0.766647985	   1.493767971
 105.756412000	  -1.149239978	   0.766647985	   1.457167972
 105.765026000	  -1.084335979	   0.741271986	   1.361519974
 105.773640000	  -1.038951980	   0.704183986	   1.313695975
 105.782254000	  -1.003815981	   0.680759987	   1.324431974
 105.790868000	  -0.975511981	   0.644159988	   1.322479974
 105.799482000	  -0.946231982	   0.590967989	   1.269775975
 105.808096000	  -0.908655982	   0.527039990	   1.228783976
 105.816710000	  -0.858391983	   0.473847991	   1.208775977
 105.825324000	  -0.785191985	   0.411871992	   1.131183978
 105.833938000	  -0.723703986	   0.352335993	   1.055055980
 105.842552000	  -0.665631987	   0.316711994	   0.996983981
 105.851166000	  -0.630007988	   0.294751994	   0.954527982
 105.859780000	  -0.601215988	   0.300119994	   0.967215981
 105.868394000	  -0.548023989	   0.319151994	   1.005279981
 105.877008000	  -0.472383991	   0.317199994	   1.001375981
 105.885622000	  -0.390887992	   0.329399994	   0.990151981
 105.894236000	  -0.332815994	   0.339159993	   1.007231981
 105.902850000	  -0.269375995	   0.345015993	   1.037975980
 105.911464000	  -0.176655997	   0.346479993	   1.046759980
 105.920078000	  -0.065879999	   0.332815994	   1.024311980
 105.928692000	   0.040015999	   0.321103994	   0.982831981
 105.937306000	   0.117119998	   0.294751994	   0.945743982
 105.945920000	   0.170799997	   0.264495995	   0.928663982
 105.954534000	   0.221063996	   0.239119995	   0.918415982
 105.963148000	   0.279623995	   0.215695996	   0.870103983
 105.971762000	   0.354775993	   0.168847997	   0.827159984
 105.980376000	   0.414311992	   0.130783997	   0.821303984
 105.988990000	   0.482143991	   0.111263998	   0.757375985
 105.997604000	   0.565591989	   0.109799998	   0.689055987
 106.006218000	   0.670023987	   0.105895998	   0.647087988
 106.014832000	   0.801295985	   0.096623998	   0.613903988
 106.023446000	   0.951599982	   0.087351998	   0.614879988
 106.032060000	   1.086775979	   0.090279998	   0.620247988
 106.040674000	   1.193647977	   0.132735997	   0.661239987
 106.049288000	   1.246351976	   0.174703997	   0.680759987
 106.057902000	   1.285391975	   0.193735996	   0.703207986
 106.066516000	   1.304911975	   0.203007996	   0.727607986
 106.075130000	   1.306863975	   0.190319996	   0.722239986
 106.083744000	   1.277095975	   0.135663997	   0.693447987
 106.092358000	   1.201943977	   0.079055998	   0.678319987
 106.100972000	   1.139967978	   0.050263999	   0.709063986
 106.109586000	   1.026263980	   0.022936000	   0.678807987
 106.118200000	   0.929639982	  -0.009760000	   0.653431987
 106.126814000	   0.817399984	  -0.042455999	   0.643183988
 106.135428000	   0.688567987	  -0.067831999	   0.660751987
 106.144042000	   0.549487989	  -0.064903999	   0.701743986
 106.152656000	   0.434807992	  -0.076615999	   0.727119986
 106.161270000	   0.359655993	  -0.101503998	   0.749567986
 106.169884000	   0.327935994	  -0.123463998	   0.785191985
 106.178498000	   0.303047994	  -0.126391998	   0.799343985
 106.187112000	   0.290359994	  -0.089791998	   0.799831985
 106.195726000	   0.302071994	  -0.056607999	   0.822279984
 106.204340000	   0.335255994	  -0.024888000	   0.859855983
 106.212954000	   0.371855993	   0.017568000	   0.890111983
 106.221568000	   0.386983993	   0.056119999	   0.905239983
 106.230182000	   0.383079993	   0.097599998	   0.935007982
 106.238796000	   0.373319993	   0.139567997	   0.982343981
 106.247410000	   0.362095993	   0.169335997	   1.022359980
 106.256024000	   0.354287993	   0.196175996	   1.040415980
 106.264638000	   0.350871993	   0.212767996	   1.054567980
 106.273252000	   0.344527993	   0.221063996	   1.068231979
 106.281866000	   0.336719994	   0.224967996	   1.083359979
 106.290480000	   0.327447994	   0.223991996	   1.075551979
 106.299094000	   0.312319994	   0.223503996	   1.076527979
 106.307708000	   0.296215994	   0.213743996	   1.072135979
 106.316322000	   0.283527995	   0.191783996	   1.054079980
 106.324936000	   0.276207995	   0.169335997	   1.029191980
 106.333550000	   0.263519995	   0.137615997	   1.005279981
 106.342164000	   0.248879995	   0.116631998	   0.998447981
 106.350778000	   0.237655995	   0.116143998	   0.986247981
 106.359392000	   0.251319995	   0.112727998	   0.980391981
 106.368006000	   0.253271995	   0.097111998	   0.968679981
 106.376620000	   0.260103995	   0.078079998	   0.941839982
 106.385234000	   0.266447995	   0.066855999	   0.950623982
 106.393848000	   0.284015995	   0.084911998	   0.975023981
 106.402462000	   0.288407994	   0.089303998	   0.985759981
 106.411076000	   0.294751994	   0.104919998	   0.983807981
 106.419690000	   0.291335994	   0.110287998	   0.974535981
 106.428304000	   0.293775994	   0.115655998	   0.966239981
 106.436918000	   0.305487994	   0.120535998	   0.982343981
 106.445532000	   0.316711994	   0.127855998	   0.986247981
 106.454146000	   0.319151994	   0.136639997	   0.980879981
 106.462760000	   0.303535994	   0.140055997	   0.970143981
 106.471374000	   0.281575995	   0.135663997	   0.973071981
 106.479988000	   0.267423995	   0.138591997	   0.986735981
 106.488602000	   0.266447995	   0.145911997	   0.988199981
 106.497216000	   0.260591995	   0.154207997	   0.997471981
 106.505830000	   0.254247995	   0.166407997	   1.021383980
 106.514444000	   0.253271995	   0.165919997	   1.019919980
 106.523058000	   0.266935995	   0.166407997	   0.996007981
 106.531672000	   0.273279995	   0.162503997	   0.979903981
 106.540286000	   0.265959995	   0.150303997	   0.970631981
 106.548900000	   0.250343995	   0.138591997	   0.972583981
 106.557514000	   0.236191995	   0.131271997	   0.977463981
 106.566128000	   0.229847996	   0.120535998	   0.981367981
 106.574742000	   0.225455996	   0.122975998	   0.978927981
 106.583356000	   0.215695996	   0.112239998	   0.963311981
 106.591970000	   0.204471996	   0.094183998	   0.954039982
 106.600584000	   0.196663996	   0.085887998	   0.961847981
 106.609198000	   0.193247996	   0.085399998	   0.974535981
 106.617812000	   0.192759996	   0.087351998	   0.986735981
 106.626426000	   0.193247996	   0.093695998	   0.992103981
 106.635040000	   0.194223996	   0.083447998	   0.989175981
 106.643654000	   0.200079996	   0.077591999	   0.979903981
 106.652268000	   0.199103996	   0.079543998	   0.974535981
 106.660882000	   0.198127996	   0.077591999	   0.976975981
 106.669496000	   0.201055996	   0.068807999	   0.975999981
 106.678110000	   0.217647996	   0.065879999	   0.968191981
