A_x [g]	A_y [g]	A_z [g]
  -0.060511999	  -0.117607998	   1.006743981
  -0.053191999	  -0.121511998	   0.997471981
  -0.052703999	  -0.125903998	   0.998447981
  -0.047823999	  -0.126879998	   1.007719981
  -0.044407999	  -0.129807997	   1.016503980
  -0.040991999	  -0.127855998	   1.022847980
  -0.037575999	  -0.129807997	   1.020407980
  -0.033671999	  -0.131271997	   1.014551980
  -0.040503999	  -0.134199997	   1.007231981
  -0.045871999	  -0.130783997	   1.002839981
  -0.044407999	  -0.125903998	   1.004303981
  -0.039039999	  -0.122975998	   1.011135980
  -0.036111999	  -0.120535998	   1.017967980
  -0.035623999	  -0.119071998	   1.020407980
  -0.033671999	  -0.120047998	   1.019919980
  -0.029279999	  -0.121511998	   1.017967980
  -0.026351999	  -0.121023998	   1.014551980
  -0.027327999	  -0.119559998	   1.015039980
  -0.026839999	  -0.117607998	   1.016015980
  -0.029767999	  -0.119559998	   1.015527980
  -0.033671999	  -0.121511998	   1.011135980
  -0.035135999	  -0.121999998	   1.004791981
  -0.036599999	  -0.126391998	   1.005767981
  -0.039039999	  -0.127855998	   1.007719981
  -0.038063999	  -0.126391998	   1.013575980
  -0.034159999	  -0.125415998	   1.019431980
  -0.035623999	  -0.127855998	   1.018943980
  -0.037575999	  -0.125903998	   1.015527980
  -0.037575999	  -0.125415998	   1.015039980
  -0.041479999	  -0.124439998	   1.014063980
  -0.042943999	  -0.117119998	   1.013575980
  -0.036599999	  -0.116143998	   1.012111980
  -0.043431999	  -0.118095998	   1.013087980
  -0.040503999	  -0.114679998	   1.014551980
  -0.037087999	  -0.115167998	   1.010159981
  -0.037087999	  -0.116143998	   1.005279981
  -0.038063999	  -0.119071998	   1.009671981
  -0.036111999	  -0.121511998	   1.016991980
  -0.036599999	  -0.121999998	   1.019919980
  -0.037087999	  -0.119559998	   1.017479980
  -0.037575999	  -0.121511998	   1.015039980
  -0.036111999	  -0.120047998	   1.014551980
  -0.037575999	  -0.118095998	   1.013087980
  -0.040015999	  -0.117607998	   1.014551980
  -0.039039999	  -0.119559998	   1.015527980
  -0.036111999	  -0.122975998	   1.016503980
  -0.032695999	  -0.124927998	   1.014063980
  -0.027327999	  -0.125903998	   1.013087980
  -0.024888000	  -0.125903998	   1.013087980
  -0.021960000	  -0.125903998	   1.014063980
  -0.020496000	  -0.123463998	   1.015527980
  -0.020984000	  -0.121999998	   1.013575980
  -0.024400000	  -0.120535998	   1.011623980
  -0.023912000	  -0.121023998	   1.010159981
  -0.024888000	  -0.121023998	   1.010647980
  -0.024400000	  -0.119559998	   1.011623980
  -0.024888000	  -0.120047998	   1.009671981
  -0.025376000	  -0.120535998	   1.010159981
  -0.026839999	  -0.118583998	   1.007719981
  -0.030255999	  -0.117119998	   1.009183981
  -0.031231999	  -0.118583998	   1.010159981
  -0.034159999	  -0.118583998	   1.010159981
  -0.038063999	  -0.118583998	   1.010647980
  -0.038063999	  -0.121511998	   1.011623980
  -0.038063999	  -0.126879998	   1.005767981
  -0.038063999	  -0.131271997	   1.001863981
  -0.035135999	  -0.133223997	   1.000399981
  -0.032207999	  -0.131759997	   1.001863981
  -0.030743999	  -0.127855998	   1.012599980
  -0.031231999	  -0.119071998	   1.021871980
  -0.035135999	  -0.116631998	   1.024799980
  -0.037087999	  -0.117607998	   1.026263980
  -0.034159999	  -0.122975998	   1.028703980
  -0.031231999	  -0.132247997	   1.033095980
  -0.024400000	  -0.142007997	   1.065791979
   0.005368000	  -0.143959997	   1.094583979
   0.021472000	  -0.145911997	   1.127279978
   0.037087999	  -0.142983997	   1.173639977
   0.033183999	  -0.149327997	   1.219999976
   0.046359999	  -0.154207997	   1.282951975
   0.064415999	  -0.150791997	   1.370303974
   0.073199999	  -0.135175997	   1.444479972
   0.060023999	  -0.129319998	   1.461559972
   0.087351998	  -0.115655998	   1.443991972
   0.039527999	  -0.124439998	   1.472783972
   0.040991999	  -0.128343998	   1.469367972
   0.045871999	  -0.137127997	   1.514751971
   0.075151999	  -0.148839997	   1.557207970
   0.112727998	  -0.153231997	   1.605519969
   0.127855998	  -0.178119997	   1.692871967
   0.160551997	  -0.180559997	   1.751919966
   0.191295996	  -0.209351996	   1.731423967
   0.173727997	  -0.220575996	   1.638215968
   0.118095998	  -0.210815996	   1.558671970
   0.033183999	  -0.203983996	   1.512311971
  -0.014640000	  -0.232775996	   1.459607972
  -0.035623999	  -0.305487994	   1.469855972
  -0.011224000	  -0.380639993	   1.468391972
   0.106383998	  -0.371367993	   1.393727973
   0.127367998	  -0.357215993	   1.366887974
   0.122487998	  -0.304511994	   1.328823974
   0.179095997	  -0.275231995	   1.245375976
  -0.072711999	  -0.269375995	   1.280511975
   0.262543995	  -0.164455997	   0.907191982
   0.110775998	  -0.213255996	   0.927687982
   0.088327998	  -0.196175996	   0.857415983
   0.096623998	  -0.200567996	   0.773967985
   0.084911998	  -0.135663997	   0.699303987
   0.061487999	  -0.045871999	   0.646111988
   0.001464000	   0.009760000	   0.599263988
  -0.015128000	   0.040015999	   0.487999991
  -0.014640000	   0.056119999	   0.382103993
  -0.027327999	   0.055143999	   0.289871994
  -0.022936000	   0.045383999	   0.196663996
  -0.038063999	   0.040015999	   0.103455998
  -0.042943999	   0.047335999	   0.008784000
  -0.047335999	   0.051239999	  -0.082959998
  -0.051239999	   0.048799999	  -0.142007997
  -0.067343999	   0.059535999	  -0.162991997
  -0.082959998	   0.068319999	  -0.160063997
  -0.074175999	   0.068807999	  -0.179583997
  -0.073199999	   0.077591999	  -0.210327996
  -0.052703999	   0.081007998	  -0.182999996
  -0.053191999	   0.078567998	  -0.059535999
   0.008296000	   0.099063998	   0.084423998
   0.036111999	   0.123463998	   0.208863996
   0.120535998	   0.128831998	   0.274255995
   0.130783997	   0.131759997	   0.390887992
   0.114191998	   0.139079997	   0.506055990
   0.081007998	   0.125903998	   0.589015989
   0.054655999	   0.115655998	   0.650503987
   0.043919999	   0.084423998	   0.743711986
   0.059047999	   0.039527999	   0.874007983
   0.095647998	  -0.009272000	   0.969167981
   0.103943998	  -0.084911998	   1.031631980
   0.118095998	  -0.148839997	   1.120447978
   0.134687997	  -0.218623996	   1.231711976
   0.150791997	  -0.290359994	   1.357127974
   0.178119997	  -0.359167993	   1.483031971
   0.219111996	  -0.404063992	   1.624063969
   0.256199995	  -0.429439992	   1.743623966
   0.261567995	  -0.447007991	   1.894903963
   0.286455994	  -0.468479991	   2.045207961
   0.291823994	  -0.494343990	   2.193559958
   0.318175994	  -0.504103990	   2.281399956
   0.338671993	  -0.511423990	   2.312143955
   0.318175994	  -0.519719990	   2.306287955
   0.315735994	  -0.499711990	   2.252607957
   0.280111995	  -0.475311991	   2.230159957
   0.265471995	  -0.455303991	   2.231623957
   0.285479994	  -0.429927992	   2.165255958
   0.268887995	  -0.386983993	   2.046183961
   0.234239995	  -0.333791994	   1.952975962
   0.225943996	  -0.288407994	   1.879775964
   0.227407996	  -0.277671995	   1.817799965
   0.236191995	  -0.261567995	   1.722151967
   0.213255996	  -0.220575996	   1.625039969
   0.182511996	  -0.170311997	   1.521583971
   0.160063997	  -0.134687997	   1.429839972
   0.134199997	  -0.101503998	   1.346879974
   0.142007997	  -0.089303998	   1.239519976
   0.121511998	  -0.086375998	   1.169247977
   0.125415998	  -0.098575998	   1.034071980
   0.110775998	  -0.122487998	   0.919879982
   0.088815998	  -0.131759997	   0.808615984
   0.077103999	  -0.123463998	   0.714919986
   0.043919999	  -0.111751998	   0.604143988
  -0.001464000	  -0.091743998	   0.501175990
  -0.023912000	  -0.072711999	   0.407479992
  -0.033183999	  -0.052703999	   0.320615994
  -0.034159999	  -0.027327999	   0.249367995
  -0.027815999	  -0.021960000	   0.158111997
  -0.058071999	  -0.016104000	   0.083935998
  -0.091255998	  -0.002440000	   0.015616000
  -0.109311998	   0.027327999	  -0.080519998
  -0.150791997	   0.039527999	  -0.171287997
  -0.183975996	   0.048311999	  -0.248391995
  -0.183975996	   0.045871999	  -0.304511994
  -0.170799997	   0.040015999	  -0.340135993
  -0.183975996	   0.027327999	  -0.376735993
  -0.203983996	   0.014152000	  -0.396743992
  -0.220575996	   0.000488000	  -0.355263993
  -0.203983996	  -0.016592000	  -0.326959994
  -0.158599997	   0.001952000	  -0.253759995
  -0.136151997	   0.009760000	  -0.158111997
  -0.102967998	   0.018544000	  -0.037575999
  -0.047823999	   0.028303999	   0.143959997
   0.000488000	   0.048311999	   0.315247994
   0.016104000	   0.074663999	   0.452863991
  -0.003416000	   0.109799998	   0.598775988
  -0.019032000	   0.132247997	   0.748103986
  -0.019032000	   0.122975998	   0.874495983
  -0.030743999	   0.093695998	   0.972583981
  -0.040503999	   0.034159999	   1.027727980
  -0.033183999	  -0.038063999	   1.076039979
  -0.010736000	  -0.102967998	   1.146311978
   0.016104000	  -0.147863997	   1.216583977
   0.022448000	  -0.185927996	   1.273679975
   0.024400000	  -0.226431996	   1.361519974
   0.051239999	  -0.261079995	   1.461071972
   0.070759999	  -0.280111995	   1.552815970
   0.070759999	  -0.280599995	   1.648951968
   0.079543998	  -0.286455994	   1.756311966
   0.101991998	  -0.309879994	   1.871967964
   0.140055997	  -0.339647993	   1.977863962
   0.182023996	  -0.367951993	   2.063751960
   0.210327996	  -0.381127993	   2.163791958
   0.229847996	  -0.402599992	   2.215031957
   0.291335994	  -0.385031993	   2.271151956
   0.340623993	  -0.369415993	   2.369727954
   0.367951993	  -0.386495993	   2.404863954
   0.367463993	  -0.380151993	   2.378511954
   0.371855993	  -0.313783994	   2.387295954
   0.403087992	  -0.300119994	   2.346791955
   0.404063992	  -0.314271994	   2.247727957
   0.366487993	  -0.298655994	   2.162327958
   0.340135993	  -0.268887995	   2.107183959
   0.345503993	  -0.241071995	   2.012999961
   0.331351994	  -0.218135996	   1.917839963
   0.316223994	  -0.191295996	   1.797791965
   0.293775994	  -0.179095997	   1.645047968
   0.269863995	  -0.146399997	   1.530367970
   0.242535995	  -0.108823998	   1.415687973
   0.217647996	  -0.081007998	   1.287831975
   0.182023996	  -0.054655999	   1.161927978
   0.152743997	  -0.034159999	   1.007719981
   0.102967998	  -0.026351999	   0.853511984
   0.027815999	  -0.031231999	   0.693935987
  -0.031719999	  -0.041967999	   0.508495990
  -0.095647998	  -0.049287999	   0.338671993
  -0.156159997	  -0.062463999	   0.195199996
  -0.186415996	  -0.066367999	   0.075151999
  -0.214231996	  -0.065879999	  -0.043919999
  -0.253759995	  -0.078079998	  -0.184463996
  -0.284503995	  -0.071247999	  -0.264983995
  -0.294751994	  -0.042943999	  -0.323543994
  -0.290359994	  -0.017568000	  -0.376247993
  -0.263519995	   0.014152000	  -0.352823993
  -0.258639995	   0.080031998	  -0.351847993
  -0.327447994	   0.138591997	  -0.421143992
  -0.390399992	   0.180559997	  -0.487023991
  -0.370391993	   0.180071997	  -0.519719990
  -0.299143994	   0.134687997	  -0.493855990
  -0.191295996	   0.078079998	  -0.516791990
  -0.142007997	   0.054167999	  -0.466039991
  -0.086375998	   0.038551999	  -0.394303992
  -0.016592000	   0.028791999	  -0.255223995
   0.046847999	   0.032695999	  -0.086863998
   0.080519998	   0.039527999	   0.089791998
   0.086863998	   0.060023999	   0.253759995
   0.064415999	   0.098575998	   0.378199993
   0.004880000	   0.116631998	   0.449935991
  -0.002928000	   0.078567998	   0.498247990
   0.059047999	   0.021472000	   0.576327989
   0.121023998	  -0.024400000	   0.716871986
   0.145911997	  -0.052215999	   0.894015983
   0.163479997	  -0.062951999	   1.048711980
   0.181047997	  -0.062951999	   1.182911977
   0.166407997	  -0.063439999	   1.239519976
   0.159087997	  -0.094183998	   1.281975975
   0.191783996	  -0.143471997	   1.353711974
   0.235215995	  -0.204959996	   1.456191972
   0.281575995	  -0.256199995	   1.580631969
   0.315735994	  -0.291823994	   1.650415968
   0.351359993	  -0.332327994	   1.773879966
   0.419679992	  -0.360143993	   1.941751963
   0.492391990	  -0.400647992	   2.146711959
   0.568519989	  -0.435783992	   2.355087955
   0.638791988	  -0.468967991	   2.543943951
   0.647575988	  -0.502639990	   2.672775948
   0.697839987	  -0.490439991	   2.706447948
   0.691495987	  -0.448959991	   2.758175947
   0.719799986	  -0.432367992	   2.751343947
   0.707599986	  -0.451399991	   2.723039947
   0.700767986	  -0.469455991	   2.700591948
   0.666607987	  -0.518255990	   2.630319949
   0.604143988	  -0.528991990	   2.507831952
   0.545095989	  -0.513863990	   2.389247954
   0.509471990	  -0.491415991	   2.249191957
   0.459207991	  -0.472871991	   2.081807960
   0.435783992	  -0.437247992	   1.913935963
   0.408455992	  -0.406503992	   1.767535966
   0.379663993	  -0.382103993	   1.614303969
   0.346967993	  -0.365999993	   1.441063972
   0.291335994	  -0.338671993	   1.292711975
   0.253759995	  -0.328423994	   1.210239977
   0.261567995	  -0.294751994	   1.164367978
   0.267423995	  -0.252295995	   1.112151979
   0.272303995	  -0.209839996	   0.954527982
   0.231311996	  -0.146887997	   0.768111985
   0.130783997	  -0.101503998	   0.497759990
   0.021472000	  -0.081007998	   0.237655995
  -0.093695998	  -0.068807999	  -0.066367999
  -0.238631995	  -0.060023999	  -0.356239993
  -0.343063993	  -0.066855999	  -0.520207990
  -0.355751993	  -0.072711999	  -0.627079988
  -0.344527993	  -0.083935998	  -0.744199986
  -0.350871993	  -0.069295999	  -0.819839984
  -0.379175993	  -0.039527999	  -0.899871983
  -0.415775992	  -0.032207999	  -0.979415981
  -0.424559992	  -0.019032000	  -1.005279981
  -0.422607992	   0.038551999	  -0.908167982
  -0.394791992	   0.093207998	  -0.801295985
  -0.328423994	   0.142983997	  -0.726143986
  -0.260103995	   0.133711997	  -0.606583988
  -0.164455997	   0.094671998	  -0.496783990
  -0.076127999	   0.061487999	  -0.387471993
  -0.030743999	   0.052703999	  -0.217159996
   0.013176000	   0.065391999	  -0.061487999
   0.064903999	   0.067831999	   0.090279998
   0.100039998	   0.058559999	   0.249855995
   0.110775998	   0.034647999	   0.415287992
   0.120047998	   0.018056000	   0.564615989
   0.116143998	  -0.015128000	   0.706135986
   0.128831998	  -0.051239999	   0.870591983
   0.179583997	  -0.089791998	   1.009671981
   0.226431996	  -0.120047998	   1.110199979
   0.244487995	  -0.148839997	   1.179495977
   0.254735995	  -0.196175996	   1.239031976
   0.296703994	  -0.243999995	   1.324919974
   0.348431993	  -0.266935995	   1.498159971
   0.407967992	  -0.282063995	   1.701655967
   0.462135991	  -0.321103994	   1.920767963
   0.525575990	  -0.361607993	   2.120847959
   0.561199989	  -0.409431992	   2.314583955
   0.606095988	  -0.438223992	   2.541503951
   0.691007987	  -0.449447991	   2.784527946
   0.744199986	  -0.481655991	   2.961671943
   0.781287985	  -0.472871991	   3.070983941
   0.833015984	  -0.415775992	   3.134423940
   0.905239983	  -0.389911992	   3.154919939
   0.940375982	  -0.392351992	   3.105143940
   0.925247982	  -0.380151993	   3.021207942
   0.837407984	  -0.324519994	   2.957279943
   0.779823985	  -0.244487995	   2.836743945
   0.725167986	  -0.177143997	   2.637639949
   0.643183988	  -0.146399997	   2.421943953
   0.568519989	  -0.145911997	   2.235527957
   0.551439989	  -0.143959997	   2.064727960
   0.528015990	  -0.162503997	   1.845615964
   0.471895991	  -0.183487996	   1.624551969
   0.411383992	  -0.187391996	   1.395191973
   0.368439993	  -0.181047997	   1.131671978
   0.319151994	  -0.188367996	   0.869615983
   0.263519995	  -0.185927996	   0.610975988
   0.190319996	  -0.178119997	   0.318663994
   0.077103999	  -0.172263997	   0.048311999
  -0.027327999	  -0.183487996	  -0.210815996
  -0.104431998	  -0.192759996	  -0.467015991
  -0.154695997	  -0.188367996	  -0.753471985
  -0.226431996	  -0.179583997	  -0.992591981
  -0.313295994	  -0.173727997	  -1.119959978
  -0.373807993	  -0.152255997	  -1.198039977
  -0.393815992	  -0.136639997	  -1.209263977
  -0.364047993	  -0.111263998	  -1.174127977
  -0.323055994	  -0.073199999	  -1.115567978
  -0.323055994	  -0.015128000	  -1.002839981
  -0.325495994	   0.058071999	  -0.936959982
  -0.312807994	   0.118095998	  -0.790559985
  -0.257175995	   0.120047998	  -0.660751987
  -0.178607997	   0.094671998	  -0.579743989
  -0.138103997	   0.079543998	  -0.473359991
  -0.143471997	   0.044895999	  -0.284991995
  -0.098087998	  -0.008784000	  -0.069783999
  -0.015128000	  -0.082471998	   0.178119997
   0.048311999	  -0.156159997	   0.502639990
   0.080031998	  -0.191295996	   0.791047985
   0.064903999	  -0.231799996	   1.005279981
   0.047823999	  -0.284503995	   1.202431977
   0.079543998	  -0.310367994	   1.423983973
   0.115167998	  -0.337695993	   1.674815968
   0.168847997	  -0.345015993	   1.986647962
   0.254247995	  -0.325495994	   2.353135955
   0.362583993	  -0.294263994	   2.694735948
   0.456767991	  -0.244487995	   2.978263943
   0.489951991	  -0.166895997	   3.176879939
   0.479215991	  -0.133711997	   3.272527937
   0.456279991	  -0.158111997	   3.205183938
   0.491903991	  -0.141031997	   3.140279939
   0.539239990	  -0.147863997	   3.045119941
   0.553879989	  -0.160063997	   2.914335944
   0.521671990	  -0.162015997	   2.742559947
   0.467503991	  -0.138591997	   2.561023951
   0.405039992	  -0.121511998	   2.324343955
   0.349407993	  -0.077103999	   2.111087959
   0.300119994	  -0.041479999	   1.922719963
   0.253759995	  -0.025864000	   1.723615967
   0.205447996	  -0.001464000	   1.513287971
   0.162503997	   0.002928000	   1.308327975
   0.127367998	   0.020496000	   1.123863978
   0.071735999	   0.048311999	   0.941839982
   0.010736000	   0.058071999	   0.753959985
  -0.049287999	   0.085399998	   0.557295989
  -0.058071999	   0.101015998	   0.409919992
  -0.252783995	   0.002440000	   0.014640000
  -0.364047993	   0.185439996	  -0.242047995
  -0.490439991	   0.221551996	  -0.180071997
  -0.280111995	   0.231799996	  -0.232775996
  -0.165431997	   0.276207995	  -0.286943994
  -0.185439996	   0.233751995	  -0.314271994
  -0.218623996	   0.165431997	  -0.405039992
  -0.340623993	   0.165919997	  -0.412847992
  -0.406991992	   0.238143995	  -0.377711993
  -0.320615994	   0.317687994	  -0.333791994
  -0.201055996	   0.336231994	  -0.264495995
  -0.120047998	   0.329887994	  -0.177143997
   0.024400000	   0.235703995	  -0.099551998
  -0.092719998	   0.179095997	   0.021960000
  -0.035135999	   0.267423995	  -0.015616000
  -0.080031998	   0.264007995	   0.011712000
  -0.101015998	   0.311831994	   0.070271999
  -0.049287999	   0.348431993	   0.104431998
  -0.048799999	   0.342575993	   0.180559997
  -0.051239999	   0.409431992	   0.274255995
   0.000000000	   0.435295992	   0.224479996
  -0.080519998	   0.348431993	   0.057095999
  -0.232775996	   0.231799996	  -0.028303999
  -0.284015995	   0.200567996	  -0.066855999
  -0.203983996	   0.164455997	  -0.056119999
  -0.159087997	   0.120535998	  -0.020496000
  -0.127855998	   0.094671998	  -0.062463999
  -0.174703997	   0.016592000	  -0.091743998
  -0.232775996	  -0.130295997	  -0.095647998
  -0.196175996	  -0.261567995	  -0.047335999
  -0.105895998	  -0.386983993	   0.240583995
   0.095159998	  -0.457255991	   0.585111989
   0.354287993	  -0.477751991	   0.874495983
   0.506543990	  -0.468967991	   1.219511976
   0.490927991	  -0.396255992	   1.651391968
   0.451887991	  -0.383079993	   1.948583962
   0.451887991	  -0.469455991	   2.065215960
   0.433343992	  -0.593895989	   2.177455958
   0.463111991	  -0.727119986	   2.333127955
   0.583647989	  -0.874495983	   2.558583951
   0.765183985	  -0.932567982	   2.905063944
   0.922807982	  -0.847655984	   3.252031937
   0.993567981	  -0.744199986	   3.455527933
   1.003327981	  -0.653431987	   3.561423931
   0.985271981	  -0.571935989	   3.560935931
   0.929151982	  -0.527527990	   3.422831934
   0.865223983	  -0.511911990	   3.212015938
   0.846191984	  -0.480679991	   3.002175942
   0.844239984	  -0.453351991	   2.742559947
   0.822767984	  -0.440175992	   2.473183952
   0.801295985	  -0.402111992	   2.251631957
   0.768599985	  -0.336719994	   2.070583960
   0.727119986	  -0.239607995	   1.923695963
   0.691495987	  -0.123463998	   1.774367966
   0.645135988	  -0.022936000	   1.667495968
   0.561199989	   0.018544000	   1.544519970
   0.481167991	   0.038063999	   1.413735973
   0.455791991	   0.047335999	   1.296127975
   0.437735992	   0.027327999	   1.147287978
   0.422119992	   0.002440000	   1.017479980
   0.399671992	  -0.009760000	   0.929639982
   0.392839992	  -0.031719999	   0.779823985
   0.411871992	  -0.067831999	   0.570959989
   0.378687993	  -0.101015998	   0.324031994
   0.279623995	  -0.161039997	   0.034159999
   0.161039997	  -0.230823996	  -0.184463996
   0.101015998	  -0.253271995	  -0.376735993
   0.056119999	  -0.269375995	  -0.580231989
  -0.045383999	  -0.277671995	  -0.813495984
  -0.198615996	  -0.241559995	  -1.048223980
  -0.365511993	  -0.193247996	  -1.236103976
  -0.502639990	  -0.139567997	  -1.337607974
  -0.551927989	  -0.055143999	  -1.308815975
  -0.517279990	   0.020496000	  -1.204871977
  -0.454815991	   0.082959998	  -1.069207979
  -0.399671992	   0.187391996	  -0.935983982
  -0.384543993	   0.289871994	  -0.844239984
  -0.371855993	   0.348919993	  -0.749567986
  -0.329887994	   0.376735993	  -0.675391987
  -0.260591995	   0.369415993	  -0.556319989
  -0.166895997	   0.351847993	  -0.376247993
  -0.074663999	   0.337695993	  -0.182511996
  -0.002928000	   0.331839994	   0.000488000
   0.007320000	   0.334279994	   0.123951998
  -0.062463999	   0.283527995	   0.139079997
  -0.088327998	   0.181535996	   0.096135998
  -0.060511999	   0.016104000	   0.124927998
   0.103455998	  -0.116631998	   0.289383994
   0.292799994	  -0.202519996	   0.607559988
   0.465063991	  -0.248879995	   0.943791982
   0.561687989	  -0.259615995	   1.158999978
   0.536799990	  -0.266447995	   1.267335976
   0.455791991	  -0.302071994	   1.373719973
   0.475311991	  -0.417727992	   1.498159971
   0.552903989	  -0.583647989	   1.568919970
   0.574863989	  -0.723215986	   1.777295966
   0.691495987	  -0.785679985	   2.025687961
   0.714431986	  -0.822279984	   2.271639956
   0.673439987	  -0.834479984	   2.485871952
   0.680271987	  -0.816911984	   2.734751947
   0.727119986	  -0.818375984	   2.916775944
   0.768599985	  -0.823743984	   2.919215944
   0.744199986	  -0.834479984	   3.007055942
   0.788119985	  -0.832527984	   3.140767939
   0.867663983	  -0.826671984	   3.266671937
   0.944279982	  -0.776895985	   3.357927935
   1.008695981	  -0.708575986	   3.351583935
   1.014551980	  -0.636839988	   3.267159937
   0.993567981	  -0.559735989	   3.100751940
   0.979415981	  -0.503615990	   2.867487945
   0.936959982	  -0.477751991	   2.657159949
   0.876935983	  -0.419191992	   2.509295952
   0.882303983	  -0.361119993	   2.316535955
   0.879375983	  -0.325983994	   2.113039959
   0.833503984	  -0.307927994	   1.894415963
   0.770551985	  -0.315247994	   1.646999968
   0.731511986	  -0.335255994	   1.312231975
   0.680271987	  -0.340623993	   0.973071981
   0.603167988	  -0.322567994	   0.594871989
   0.464087991	  -0.331839994	   0.162503997
   0.311343994	  -0.362095993	  -0.199591996
   0.160551997	  -0.417727992	  -0.462623991
   0.046359999	  -0.479215991	  -0.701743986
  -0.002440000	  -0.477263991	  -0.894991983
  -0.034647999	  -0.432367992	  -1.008695981
  -0.057583999	  -0.332327994	  -1.110199979
  -0.113703998	  -0.222039996	  -1.208287977
  -0.218623996	  -0.150791997	  -1.371767974
  -0.309391994	  -0.074663999	  -1.583559969
  -0.400647992	   0.025376000	  -1.741183966
  -0.493367990	   0.143471997	  -1.761191966
  -0.533871990	   0.272791995	  -1.636751968
  -0.477263991	   0.354287993	  -1.509871971
  -0.430903992	   0.395279992	  -1.383967973
  -0.370391993	   0.422607992	  -1.335655974
  -0.330375994	   0.426023992	  -1.268799976
  -0.283039995	   0.424071992	  -1.093607979
  -0.214719996	   0.410895992	  -0.918415982
  -0.122975998	   0.326959994	  -0.779823985
  -0.041967999	   0.176655997	  -0.650503987
   0.083447998	   0.005368000	  -0.447983991
   0.279623995	  -0.147863997	  -0.117607998
   0.454327991	  -0.229847996	   0.304023994
   0.569495989	  -0.305975994	   0.649527987
   0.614391988	  -0.450423991	   0.908167982
   0.731023986	  -0.626591988	   1.279047975
   0.932079982	  -0.779823985	   1.782663966
   1.081895979	  -0.930615982	   2.344351955
   1.262455976	  -1.000887981	   2.828447945
   1.363471974	  -0.978927981	   3.088551940
   1.321015975	  -0.962335981	   3.339383936
   1.236103976	  -1.004791981	   3.727831928
   1.261479976	  -1.056519980	   4.076751921
   1.312231975	  -1.048711980	   4.277319917
   1.309303975	  -0.988199981	   4.390535915
   1.336143974	  -0.898407983	   4.413959915
   1.390311973	  -0.803247984	   4.314407917
   1.399583973	  -0.702719986	   4.110911921
   1.321503974	  -0.554367989	   3.875207925
   1.268799976	  -0.421143992	   3.484807933
   1.108735979	  -0.346479993	   3.158335939
   1.013575980	  -0.266447995	   2.946543943
   1.024799980	  -0.215695996	   2.693759948
   0.995519981	  -0.206423996	   2.400471954
   0.927687982	  -0.228871996	   2.054967960
   0.860831983	  -0.252783995	   1.741183966
   0.808127984	  -0.279135995	   1.411783973
   0.727607986	  -0.323543994	   1.125327978
   0.675879987	  -0.359655993	   0.860343983
   0.625615988	  -0.394303992	   0.594383989
   0.571935989	  -0.414799992	   0.238143995
   0.428463992	  -0.447983991	  -0.292311994
   0.208863996	  -0.499711990	  -0.869127983
   0.009272000	  -0.540215990	  -1.467415972
  -0.129807997	  -0.583159989	  -1.917351963
  -0.246439995	  -0.662703987	  -2.240407957
  -0.402599992	  -0.707111986	  -2.456591953
  -0.568031989	  -0.674903987	  -2.642031949
  -0.670999987	  -0.529479990	  -2.719623948
  -0.646111988	  -0.253759995	  -2.533207951
  -0.487999991	  -0.034159999	  -2.317999955
  -0.293287994	   0.132247997	  -2.217959957
  -0.194223996	   0.210815996	  -2.129143959
  -0.142007997	   0.279135995	  -1.987623962
  -0.034159999	   0.322567994	  -1.756311966
  -0.023424000	   0.367951993	  -1.509871971
   0.026839999	   0.454815991	  -1.273191975
   0.167383997	   0.389423992	  -0.996007981
   0.307927994	   0.263031995	  -0.670511987
   0.424071992	   0.182023996	  -0.308903994
   0.552903989	   0.042455999	   0.016104000
   0.570959989	  -0.173727997	   0.235703995
   0.641231988	  -0.424071992	   0.314759994
   0.778359985	  -0.699791986	   0.658799987
   1.006255981	  -0.986247981	   1.235127976
   1.302471975	  -1.204871977	   1.874895964
   1.527927971	  -1.245375976	   2.616167950
   1.564039970	  -1.191207977	   3.089527940
   1.444967972	  -1.202431977	   3.162727939
   1.326871974	  -1.285879975	   3.381351935
   1.366887974	  -1.455703972	   3.761991927
   1.450823972	  -1.515239971	   4.148487920
   1.467903972	  -1.451799972	   4.425671915
   1.506943971	  -1.318087975	   4.595983911
   1.541591970	  -1.177055977	   4.719447909
   1.565015970	  -1.016503980	   4.713103909
   1.505967971	  -0.838871984	   4.499359913
   1.454727972	  -0.643183988	   4.110911921
   1.343951974	  -0.508983990	   3.814695926
   1.238055976	  -0.417727992	   3.583383931
   1.256599976	  -0.369903993	   3.217871938
   1.225855976	  -0.364535993	   2.826495945
   1.185351977	  -0.390399992	   2.465863952
   1.147775978	  -0.416263992	   2.106207959
   1.053591980	  -0.454815991	   1.769975966
   0.902799983	  -0.508983990	   1.387383973
   0.760303985	  -0.583159989	   0.944767982
   0.654895987	  -0.663191987	   0.502151990
   0.556807989	  -0.733951986	   0.163967997
   0.490439991	  -0.752495985	  -0.097599998
   0.455791991	  -0.730535986	  -0.353799993
   0.399183992	  -0.688079987	  -0.655383987
   0.288895994	  -0.608535988	  -0.897919983
   0.210327996	  -0.505079990	  -1.080919979
   0.178607997	  -0.427487992	  -1.339559974
   0.143959997	  -0.376247993	  -1.635287968
   0.079543998	  -0.335743994	  -1.932967963
  -0.024888000	  -0.281575995	  -2.140367959
  -0.103455998	  -0.155183997	  -2.181359958
  -0.123463998	  -0.012688000	  -2.072535960
  -0.071735999	   0.126391998	  -1.829023965
  -0.018056000	   0.282551995	  -1.575263970
   0.038551999	   0.426511992	  -1.532807970
  -0.002440000	   0.539239990	  -1.574287970
  -0.073687999	   0.630495988	  -1.484495971
  -0.050263999	   0.670511987	  -1.258063976
   0.032695999	   0.690031987	  -1.031631980
   0.026351999	   0.659775987	  -0.849119984
   0.085399998	   0.615855988	  -0.768111985
   0.093695998	   0.464087991	  -0.700767986
   0.069295999	   0.311831994	  -0.624151988
   0.126391998	   0.172263997	  -0.537287990
   0.252295995	   0.001952000	  -0.422119992
   0.382591993	  -0.144935997	  -0.170311997
   0.521183990	  -0.232775996	   0.129807997
   0.689543987	  -0.361119993	   0.377711993
   0.829111984	  -0.459695991	   0.701255986
   0.895967983	  -0.531919990	   1.040415980
   0.931103982	  -0.733951986	   1.168271977
   0.917439982	  -1.025287980	   1.169735977
   0.921343982	  -1.221463976	   1.550375970
   1.059935980	  -1.360543974	   2.101327959
   1.227807976	  -1.461559972	   2.583471950
   1.247327976	  -1.444967972	   3.025111942
   1.095559979	  -1.366399974	   3.413559934
   0.905727983	  -1.322479974	   3.504327932
   0.790559985	  -1.289295975	   3.315959936
   0.658799987	  -1.266847976	   3.334503936
   0.477751991	  -1.279047975	   3.726855928
   0.387959993	  -1.214631977	   3.967439923
   0.465551991	  -1.077991979	   3.921079924
   0.639279988	  -0.893039983	   3.768335927
   0.716871986	  -0.774943985	   3.587287931
   0.711015986	  -0.700279986	   3.431127934
   0.783727985	  -0.559735989	   3.207623938
   0.910607982	  -0.424559992	   2.937759943
   1.016503980	  -0.317687994	   2.658623949
   1.065303979	  -0.230335996	   2.393151954
   1.035047980	  -0.158111997	   2.214055957
   0.979903981	  -0.109799998	   2.119871959
   0.977951981	  -0.073199999	   2.034959961
   0.986247981	  -0.046847999	   1.849519964
   0.900359983	  -0.062463999	   1.690919967
   0.847167984	  -0.138103997	   1.476199972
   0.853511984	  -0.234239995	   1.199015977
   0.833015984	  -0.340135993	   0.937935982
   0.783727985	  -0.388935992	   0.705159986
   0.695887987	  -0.379663993	   0.461647991
   0.580719989	  -0.344039993	   0.236191995
   0.481167991	  -0.333791994	   0.043431999
   0.393327992	  -0.334767994	  -0.113703998
   0.341111993	  -0.281087995	  -0.192271996
   0.328911994	  -0.185439996	  -0.240095995
   0.297191994	  -0.107359998	  -0.316711994
   0.242047995	  -0.074175999	  -0.403575992
   0.192271996	  -0.047335999	  -0.508983990
   0.149815997	  -0.023912000	  -0.652455987
   0.121511998	  -0.019032000	  -0.826671984
   0.085399998	  -0.015616000	  -0.916951982
   0.067343999	   0.012200000	  -0.925247982
   0.064903999	   0.041479999	  -0.989663981
  -0.020496000	   0.046847999	  -1.138015978
  -0.119559998	   0.052215999	  -1.269775975
  -0.184463996	   0.048799999	  -1.348831974
  -0.230823996	   0.037575999	  -1.386407973
  -0.260103995	   0.025376000	  -1.376159973
  -0.258151995	   0.036111999	  -1.280023975
  -0.224479996	   0.034159999	  -1.171199977
  -0.189343996	   0.001952000	  -1.114591978
  -0.184463996	  -0.059047999	  -1.114103978
  -0.136639997	  -0.179583997	  -1.043343980
  -0.067343999	  -0.304511994	  -0.820815984
   0.043431999	  -0.400159992	  -0.692471987
   0.139079997	  -0.475311991	  -0.631471988
   0.208375996	  -0.515815990	  -0.460671991
   0.321103994	  -0.581695989	  -0.053679999
   0.484095991	  -0.614391988	   0.400647992
   0.586087989	  -0.619759988	   0.742247986
   0.627567988	  -0.676855987	   1.131183978
   0.589503989	  -0.868151983	   1.516215971
   0.415775992	  -1.130207978	   1.897831963
   0.222039996	  -1.192183977	   2.358015954
   0.208375996	  -1.489375971	   2.836743945
  -0.297191994	  -1.703119967	   3.247639937
  -0.321591994	  -1.565503970	   3.559471931
  -0.238143995	  -1.248303976	   3.999159923
  -0.099063998	  -0.913535982	   4.259263918
  -0.005856000	  -0.658799987	   4.260239918
  -0.015128000	  -0.548511989	   4.102615921
   0.064415999	  -0.477751991	   3.832751926
   0.268887995	  -0.341111993	   3.714167928
   0.528015990	  -0.313295994	   3.711239928
   0.706623986	  -0.113703998	   3.640967930
   0.877423983	   0.028303999	   3.427711934
   1.013087980	   0.172263997	   3.260815937
   1.071159979	   0.281575995	   3.152479939
   1.100927979	   0.281087995	   3.011447942
   1.092631979	   0.245951995	   2.821615946
   1.091655979	   0.163967997	   2.565903950
   1.025287980	   0.076615999	   2.349231955
   1.011623980	   0.033671999	   2.196975958
   1.024799980	  -0.032695999	   2.061799960
   0.985271981	  -0.128343998	   1.867087964
   0.921343982	  -0.221063996	   1.599663969
   0.889135983	  -0.316711994	   1.357127974
   0.821791984	  -0.414311992	   1.145823978
   0.705647986	  -0.504591990	   0.872055983
   0.638791988	  -0.598775988	   0.621223988
   0.629031988	  -0.677831987	   0.385519993
   0.548511989	  -0.781287985	   0.139567997
   0.466527991	  -0.757375985	   0.013176000
   0.374783993	  -0.778359985	  -0.142007997
   0.260103995	  -0.593895989	  -0.183975996
   0.358679993	  -0.618783988	  -0.260103995
   0.374295993	  -0.706623986	  -0.502639990
   0.279135995	  -0.609511988	  -0.748103986
   0.171775997	  -0.620735988	  -1.002351981
   0.072711999	  -0.665631987	  -1.229759976
  -0.050751999	  -0.648551987	  -1.406415973
  -0.171287997	  -0.633423988	  -1.543055970
  -0.282063995	  -0.621223988	  -1.630895969
  -0.388935992	  -0.588527989	  -1.684087968
  -0.446031991	  -0.513375990	  -1.700679967
  -0.460671991	  -0.415775992	  -1.699703967
  -0.473359991	  -0.333791994	  -1.660663968
  -0.467503991	  -0.260591995	  -1.567943970
  -0.432367992	  -0.174215997	  -1.431791972
  -0.386983993	  -0.083935998	  -1.250743976
  -0.355263993	  -0.054655999	  -1.087263979
  -0.290847994	  -0.060023999	  -0.937935982
  -0.251319995	  -0.041479999	  -0.809103984
  -0.133223997	  -0.130783997	  -0.674415987
  -0.020496000	  -0.274743995	  -0.608535988
   0.108335998	  -0.384055993	  -0.516791990
   0.254735995	  -0.478727991	  -0.376735993
   0.444079991	  -0.565103989	  -0.089791998
   0.646111988	  -0.597311988	   0.401623992
   0.910119982	  -0.571935989	   0.961359981
   1.120935978	  -0.573887989	   1.482055971
   1.190231977	  -0.681735987	   1.808527965
   1.184375977	  -0.849119984	   1.922719963
   1.184375977	  -0.946719982	   2.153055958
   1.211703977	  -0.967215981	   2.721575947
   1.227807976	  -0.907679982	   3.340359936
   1.164367978	  -0.839847984	   3.861055925
   1.107271979	  -0.713943986	   4.199727919
   1.085311979	  -0.588039989	   4.421279915
   1.080919979	  -0.462623991	   4.497407913
   1.068719979	  -0.358679993	   4.427623915
   1.076039979	  -0.228871996	   4.480815914
   1.160463978	  -0.046359999	   4.535471912
   1.213655977	   0.050263999	   4.514975913
   1.301007975	   0.019032000	   4.287079917
   1.311743975	  -0.033671999	   4.037711922
   1.266359976	  -0.137615997	   3.742471928
   1.239031976	  -0.243999995	   3.417463934
   1.189255977	  -0.326959994	   3.100751940
   1.158511978	  -0.398207992	   2.846503945
   1.124351978	  -0.462135991	   2.623487949
   1.096047979	  -0.564615989	   2.377047954
   1.069207979	  -0.737855986	   2.055455960
   1.009671981	  -0.935007982	   1.658711968
   0.962335981	  -1.070671979	   1.299055975
   0.917927982	  -1.125815978	   0.922807982
   0.853023984	  -1.114591978	   0.539727990
   0.752007985	  -1.096047979	   0.143471997
   0.667583987	  -1.021383980	  -0.151767997
   0.614391988	  -0.891087983	  -0.392839992
   0.600727988	  -0.770063985	  -0.611951988
   0.652455987	  -0.618783988	  -0.846191984
   0.660263987	  -0.477263991	  -1.119959978
   0.611463988	  -0.373807993	  -1.437159972
   0.524111990	  -0.265471995	  -1.741671966
   0.376735993	  -0.198615996	  -2.047647960
   0.186415996	  -0.169335997	  -2.340935955
   0.038063999	  -0.140543997	  -2.519055951
  -0.062463999	  -0.090767998	  -2.608847950
  -0.174703997	  -0.040991999	  -2.650327949
  -0.323543994	   0.020008000	  -2.626903949
  -0.444567991	   0.094183998	  -2.585911950
  -0.434319992	   0.204471996	  -2.431215953
  -0.327935994	   0.256687995	  -2.216495957
  -0.204959996	   0.263519995	  -1.993967962
  -0.128343998	   0.189831996	  -1.809991965
  -0.019032000	   0.066367999	  -1.660175968
   0.106871998	  -0.118583998	  -1.521583971
   0.266447995	  -0.320127994	  -1.350295974
   0.524111990	  -0.494343990	  -0.982343981
   0.811055984	  -0.682711987	  -0.475311991
   1.128255978	  -0.777871985	   0.248879995
   1.201455977	  -0.886695983	   0.835943984
   1.172175977	  -1.057007980	   1.260991976
   1.091655979	  -1.269775975	   1.331263974
   1.057007980	  -1.414711973	   1.611863969
   1.308327975	  -1.491327971	   2.577615950
   1.566967970	  -1.553791970	   3.663415929
   1.654807968	  -1.573799970	   4.584759912
   1.523535971	  -1.675791968	   5.144983901
   1.294175975	  -1.825119965	   5.425095895
   1.156071978	  -1.910031963	   5.542703893
   1.108247979	  -1.851959964	   5.442663895
   1.107759979	  -1.657735968	   5.287967898
   1.072623979	  -1.343951974	   5.221111899
   0.990639981	  -1.007231981	   5.093255902
   1.076527979	  -0.656359987	   4.675039910
   0.995031981	  -0.338183993	   4.451047914
   0.926711982	  -0.181047997	   4.122135920
   0.911583982	  -0.122487998	   3.699527929
   0.897919983	  -0.161039997	   3.353047935
   0.964287981	  -0.298167994	   3.042679941
   0.985271981	  -0.437247992	   2.746951947
   0.942327982	  -0.557783989	   2.462935952
   0.848143984	  -0.719799986	   2.062287960
   0.702231986	  -0.854487984	   1.691895967
   0.631959988	  -0.922319982	   1.393239973
   0.540703990	  -1.009183981	   1.088727979
   0.496783990	  -1.020895980	   0.749567986
   0.506543990	  -0.997471981	   0.454327991
   0.494831990	  -0.942815982	   0.176655997
   0.524111990	  -0.885231983	  -0.111263998
   0.568519989	  -0.865223983	  -0.463111991
   0.561687989	  -0.894503983	  -0.866687983
   0.555343989	  -0.830575984	  -1.179983977
   0.562175989	  -0.711015986	  -1.356151974
   0.564127989	  -0.557783989	  -1.528903970
   0.543631990	  -0.414799992	  -1.721175967
   0.469943991	  -0.322567994	  -1.938335963
   0.395767992	  -0.291823994	  -2.172575958
   0.306463994	  -0.266447995	  -2.435119953
   0.158599997	  -0.227895996	  -2.625927949
  -0.009760000	  -0.147863997	  -2.719135948
  -0.182999996	  -0.024888000	  -2.693271948
  -0.291335994	   0.155671997	  -2.520519951
  -0.234239995	   0.375271993	  -2.250167957
  -0.119071998	   0.532407990	  -1.928087963
  -0.001952000	   0.591455989	  -1.645047968
   0.073199999	   0.562175989	  -1.489863971
   0.095647998	   0.445055991	  -1.399095973
   0.115655998	   0.242535995	  -1.300519975
   0.188855996	   0.042943999	  -1.204871977
   0.317199994	  -0.146887997	  -1.108735979
   0.408943992	  -0.297191994	  -0.961847981
   0.411383992	  -0.315247994	  -0.768111985
   0.390887992	  -0.239119995	  -0.488487991
   0.482631991	  -0.203007996	  -0.202519996
   0.560223989	  -0.189343996	   0.049775999
   0.593407989	  -0.319639994	   0.172751997
   0.701743986	  -0.570959989	   0.289383994
   0.903775983	  -0.819351984	   0.656847987
   1.238543976	  -1.075063979	   1.308815975
   1.588439969	  -1.350783974	   2.098887959
   1.773879966	  -1.587951969	   2.974359943
   1.850495964	  -1.858303964	   3.499935932
   1.695799967	  -2.125239959	   3.796639927
   1.517679971	  -2.256999956	   4.098711921
   1.553791970	  -2.193559958	   4.448607914
   1.528415971	  -2.098399960	   4.778495908
   1.534271970	  -1.877335964	   5.125463901
   1.548911970	  -1.626015969	   5.351407897
   1.484983971	  -1.443015972	   5.329447897
   1.477175971	  -1.282951975	   5.222087899
   1.444479972	  -1.154119978	   4.970279904
   1.423983973	  -0.963311981	   4.614527911
   1.425447972	  -0.714919986	   4.257311918
   1.362007974	  -0.497271990	   3.996231923
   1.321503974	  -0.384543993	   3.664391929
   1.325895974	  -0.365023993	   3.316935936
   1.295151975	  -0.466527991	   2.996319942
   1.228295976	  -0.605119988	   2.611287950
   1.133623978	  -0.751519985	   2.174527958
   1.052127980	  -0.897919983	   1.758263966
   1.009183981	  -1.027727980	   1.365911974
   0.943791982	  -1.134111978	   1.004791981
   0.864735983	  -1.147287978	   0.699791986
   0.797391985	  -1.117031978	   0.395279992
   0.730535986	  -1.097511979	   0.061975999
   0.726631986	  -1.034071980	  -0.224479996
   0.778359985	  -0.938911982	  -0.531431990
   0.809103984	  -0.877423983	  -0.943303982
   0.788119985	  -0.825207984	  -1.387383973
   0.762255985	  -0.713943986	  -1.832927965
   0.708087986	  -0.635375988	  -2.253583957
   0.612439988	  -0.623175988	  -2.666919949
   0.491415991	  -0.657335987	  -2.925071944
   0.322567994	  -0.612927988	  -3.086599940
   0.156647997	  -0.443103991	  -3.086599940
  -0.009272000	  -0.237655995	  -2.994855942
  -0.183487996	   0.001464000	  -2.820639946
  -0.217159996	   0.273279995	  -2.566879950
  -0.125415998	   0.386007993	  -2.352159955
  -0.010248000	   0.428951992	  -2.175503958
   0.140543997	   0.419679992	  -2.000799961
   0.230823996	   0.345991993	  -1.837807965
   0.291335994	   0.272791995	  -1.645047968
   0.459695991	   0.218623996	  -1.354199974
   0.587551989	   0.061487999	  -1.128743978
   0.582183989	  -0.112239998	  -0.901335983
   0.560223989	  -0.296703994	  -0.811543984
   0.542655990	  -0.488975991	  -0.595359989
   0.581695989	  -0.610487988	  -0.262055995
   0.761767985	  -0.642207988	   0.221063996
   0.948671982	  -0.644159988	   0.802271985
   0.986735981	  -0.795439985	   1.308815975
   0.914999982	  -1.100439979	   1.553303970
   0.871567983	  -1.442039972	   1.876359964
   1.033095980	  -1.725079967	   2.565903950
   1.170711977	  -2.043255961	   3.343775935
   1.276119975	  -2.244799957	   3.962071924
   1.251719976	  -2.415111953	   4.424207915
   1.142895978	  -2.521983951	   4.727255909
   1.055543980	  -2.565903950	   4.896103906
   0.993079981	  -2.546383951	   5.044455903
   0.988687981	  -2.407303954	   5.111799901
   1.057983980	  -2.178919958	   5.140103901
   1.136063978	  -1.898807963	   5.145959901
   1.214631977	  -1.611863969	   4.989311904
   1.273679975	  -1.302959975	   4.596471911
   1.217559977	  -0.977463981	   4.272439918
   1.183887977	  -0.728583986	   3.985007923
   1.203407977	  -0.573399989	   3.627303930
   1.163391978	  -0.504591990	   3.292047936
   1.122399978	  -0.527527990	   2.865535945
   1.077015979	  -0.583159989	   2.465863952
   1.076039979	  -0.640743988	   2.138415959
   1.063351979	  -0.705647986	   1.800231965
   1.040903980	  -0.761767985	   1.443503972
   1.028215980	  -0.815447984	   1.110687979
   0.975999981	  -0.903775983	   0.655871987
   0.841311984	  -1.054079980	   0.151767997
   0.735903986	  -1.240495976	  -0.293287994
   0.804711984	  -1.348831974	  -0.526551990
   0.983807981	  -1.390799973	  -0.715895986
   1.097023979	  -1.301495975	  -0.955015982
   1.051151980	  -1.079455979	  -1.261479976
   0.905239983	  -0.846679984	  -1.789983965
   0.707111986	  -0.641719988	  -2.334591955
   0.463599991	  -0.479703991	  -2.859679945
   0.198127996	  -0.338671993	  -3.287655937
  -0.031719999	  -0.230335996	  -3.429663934
  -0.148839997	  -0.022448000	  -3.373055935
  -0.306951994	   0.293287994	  -3.167607939
  -0.443103991	   0.670511987	  -2.932391943
  -0.442127991	   0.840823984	  -2.776231946
  -0.316711994	   0.886207983	  -2.658623949
  -0.274743995	   0.815935984	  -2.501975952
  -0.191295996	   0.833991984	  -2.071559960
   0.101991998	   0.766647985	  -1.655783968
   0.343551993	   0.634887988	  -1.302471975
   0.392839992	   0.442127991	  -1.206335977
   0.458231991	   0.236679995	  -1.085311979
   0.639279988	   0.042943999	  -0.828135984
   0.792511985	  -0.151279997	  -0.491415991
   0.800807985	  -0.386495993	  -0.183975996
   0.890111983	  -0.633423988	   0.038063999
   0.982831981	  -0.893039983	   0.238631995
   1.022359980	  -1.205847977	   0.487999991
   1.098487979	  -1.466927972	   0.895479983
   1.237567976	  -1.661639968	   1.483519971
   1.388847973	  -1.750455966	   2.157935958
   1.425447972	  -1.767535966	   2.727431947
   1.349807974	  -1.812919965	   3.168583939
   1.294175975	  -1.837319965	   3.753207928
   1.281487975	  -1.812431965	   4.311967917
   1.278071975	  -1.829511965	   4.727255909
   1.291247975	  -1.914423963	   4.952711904
   1.325895974	  -2.002263961	   5.068855902
   1.359567974	  -2.034471961	   5.144983901
   1.294663975	  -1.855375964	   5.234775899
   1.398607973	  -1.543055970	   5.149375901
   1.383479973	  -1.254159976	   4.995655904
   1.383967973	  -0.947207982	   4.764831908
   1.357615974	  -0.721751986	   4.531079913
   1.352247974	  -0.638791988	   4.043567922
   1.346879974	  -0.670511987	   3.539951932
   1.344927974	  -0.759815985	   3.096847940
   1.369815974	  -0.830087984	   2.684975948
   1.385919973	  -0.861807983	   2.194535958
   1.319551975	  -0.851071984	   1.716295967
   1.216095977	  -0.792511985	   1.295151975
   1.097023979	  -0.718823986	   0.853023984
   0.957455982	  -0.648551987	   0.455791991
   0.834967984	  -0.598775988	   0.179095997
   0.802271985	  -0.589015989	  -0.077591999
   0.853999984	  -0.613903988	  -0.364535993
   0.953551982	  -0.676367987	  -0.736391986
   0.918415982	  -0.712967986	  -1.281975975
   0.765671985	  -0.667095987	  -1.759727966
   0.525575990	  -0.651479987	  -2.240895957
   0.409919992	  -0.559247989	  -2.517103951
   0.207887996	  -0.494343990	  -2.823567946
   0.102967998	  -0.360631993	  -2.757199947
   0.015616000	  -0.213743996	  -2.671799948
  -0.090279998	   0.013176000	  -2.469767952
  -0.199591996	   0.270351995	  -2.321903955
  -0.216671996	   0.469455991	  -2.073511960
  -0.191295996	   0.558759989	  -1.941263963
  -0.100527998	   0.607071988	  -1.796327965
   0.005856000	   0.611463988	  -1.581119969
   0.088327998	   0.583159989	  -1.408855973
   0.036111999	   0.580719989	  -1.207311977
   0.150303997	   0.573399989	  -1.055543980
   0.221551996	   0.407479992	  -1.032607980
   0.260591995	   0.222527996	  -0.865223983
   0.313295994	   0.008296000	  -0.841311984
   0.465551991	  -0.186903996	  -0.598775988
   0.569007989	  -0.427975992	  -0.387959993
   0.617807988	  -0.582183989	  -0.058071999
   0.669535987	  -0.693935987	   0.337207993
   0.778359985	  -0.816423984	   0.654895987
   0.920367982	  -0.981367981	   0.900359983
   0.975511981	  -1.126303978	   1.121423978
   0.889135983	  -1.275143975	   1.323455974
   0.847655984	  -1.442527972	   1.742647966
   0.935495982	  -1.564527970	   2.470255952
   1.048223980	  -1.698727967	   3.255447937
   1.138503978	  -1.812431965	   3.834703926
   1.126303978	  -1.909543963	   4.238279918
   1.071647979	  -1.987623962	   4.653079910
   1.111663979	  -2.005679961	   5.106919901
   1.124839978	  -2.009095961	   5.404111896
   1.066767979	  -1.943215962	   5.394351896
   1.088727979	  -1.757287966	   5.132783901
   1.194135977	  -1.546471970	   4.894151906
   1.232687976	  -1.301495975	   4.686263910
   1.241959976	  -0.976487981	   4.409567915
   1.164367978	  -0.703207986	   4.053815922
   1.096535979	  -0.505079990	   3.654143929
   1.053103980	  -0.386983993	   3.238367938
   1.057983980	  -0.323543994	   2.866999945
   1.066767979	  -0.337695993	   2.509295952
   1.039439980	  -0.386007993	   2.168183958
   0.991127981	  -0.466527991	   1.885143964
   0.934519982	  -0.562663989	   1.606007969
   0.872543983	  -0.645135988	   1.212679977
   0.764207985	  -0.676855987	   0.734927986
   0.631471988	  -0.679783987	   0.208863996
   0.509471990	  -0.702719986	  -0.249855995
   0.598775988	  -0.705647986	  -0.737367986
   0.812519984	  -0.634399988	  -1.124839978
   0.918903982	  -0.493855990	  -1.595759969
   0.931591982	  -0.344039993	  -2.051551960
   1.024311980	  -0.239119995	  -2.538087951
   1.075063979	  -0.404063992	  -2.884079944
   0.777871985	  -0.624639988	  -3.447231933
   0.340623993	  -0.713943986	  -3.632183930
   0.035135999	  -0.733951986	  -3.564351931
  -0.068319999	  -0.466039991	  -3.217383938
   0.008296000	  -0.134199997	  -2.719135948
   0.145911997	   0.137615997	  -2.541991951
   0.208863996	   0.334767994	  -2.285303956
   0.272303995	   0.428463992	  -1.930527963
   0.156647997	   0.410407992	  -1.564527970
   0.283527995	   0.485559991	  -1.016503980
   0.539239990	   0.386007993	  -0.716871986
   0.609999988	   0.130783997	  -0.528015990
   0.536799990	  -0.260591995	  -0.632935988
   0.623175988	  -0.610975988	  -0.706623986
   0.650503987	  -1.006743981	  -0.523135990
   0.620735988	  -1.220487976	   0.073199999
   0.935007982	  -1.297103975	   0.482631991
   1.201943977	  -1.307351975	   0.913535982
   1.171199977	  -1.282951975	   1.240007976
   1.097023979	  -1.311743975	   1.538175970
   1.055055980	  -1.339071974	   1.813895965
   1.052615980	  -1.322967974	   2.229183957
   1.121423978	  -1.365423974	   2.679607948
   1.166807977	  -1.496207971	   3.182247939
   1.115567978	  -1.495231971	   3.805423927
   1.048711980	  -1.495719971	   4.354423916
   0.988687981	  -1.534271970	   4.602327911
   0.967703981	  -1.544519970	   4.730671909
   0.929151982	  -1.546959970	   4.776543908
   0.863271983	  -1.500111971	   4.709687909
   0.917927982	  -1.330287974	   4.640391910
   1.059935980	  -1.121911978	   4.592567911
   1.138991978	  -0.916951982	   4.499847913
   1.137039978	  -0.760791985	   4.267559918
   1.150703978	  -0.643183988	   3.844951926
   1.079943979	  -0.536799990	   3.518479932
   1.090191979	  -0.460183991	   3.215919938
   1.141919978	  -0.422607992	   2.918727944
   1.171199977	  -0.420167992	   2.596647950
   1.146799978	  -0.444567991	   2.256023956
   1.093607979	  -0.496783990	   1.925647963
   1.029191980	  -0.574863989	   1.617231969
   0.977463981	  -0.643671988	   1.321503974
   0.909631982	  -0.678807987	   1.047735980
   0.838871984	  -0.686127987	   0.827647984
   0.797391985	  -0.673439987	   0.586575989
   0.727607986	  -0.669535987	   0.309391994
   0.681247987	  -0.651479987	  -0.010248000
   0.646599988	  -0.662215987	  -0.330863994
   0.591943989	  -0.678319987	  -0.665143987
   0.547535989	  -0.616343988	  -0.996495981
   0.511911990	  -0.552415989	  -1.317111975
   0.463111991	  -0.511423990	  -1.610399969
   0.399183992	  -0.489951991	  -1.925647963
   0.293287994	  -0.543631990	  -2.224303957
   0.115655998	  -0.671975987	  -2.519055951
  -0.039527999	  -0.744687986	  -2.749879947
  -0.160063997	  -0.707599986	  -2.873831945
  -0.251807995	  -0.508983990	  -2.814295946
  -0.260103995	  -0.224479996	  -2.633247949
  -0.209839996	  -0.040503999	  -2.554679951
  -0.043431999	   0.077103999	  -2.471719952
   0.124927998	   0.060511999	  -2.290183956
   0.095159998	   0.089303998	  -1.890023964
   0.213743996	   0.078567998	  -1.587951969
   0.420167992	   0.005368000	  -1.388847973
   0.546071989	  -0.087839998	  -1.129719978
   0.558271989	  -0.213255996	  -0.859367983
   0.571447989	  -0.222039996	  -0.450911991
   0.698815987	  -0.241071995	   0.020984000
   0.894503983	  -0.275231995	   0.497759990
   1.115567978	  -0.304999994	   0.934519982
   1.219511976	  -0.343551993	   1.565015970
   1.203895977	  -0.391375992	   2.062775960
   1.128743978	  -0.482143991	   2.343863955
   1.109711979	  -0.617319988	   2.944103943
   1.189743977	  -0.766159985	   3.594607931
   1.301983975	  -0.816911984	   4.146535920
   1.319551975	  -0.877911983	   4.496431913
   1.232687976	  -0.924759982	   4.554991912
   1.074575979	  -0.924271982	   4.470567914
   0.964775981	  -0.875959983	   4.472031914
   1.003327981	  -0.827647984	   4.605255911
   1.048223980	  -0.778359985	   4.597935911
   1.231711976	  -0.597799988	   4.602815911
   1.368839974	  -0.462623991	   4.573535912
   1.359567974	  -0.464575991	   4.295375917
   1.305399975	  -0.415775992	   3.823967926
   1.276607975	  -0.324519994	   3.317423936
   1.170223977	  -0.210327996	   2.960695943
   1.085311979	  -0.067343999	   2.679119948
   1.009183981	   0.035623999	   2.436095953
   0.924759982	   0.068807999	   2.241383957
   0.865711983	   0.018056000	   2.011047961
   0.839847984	  -0.069295999	   1.808527965
   0.797879985	  -0.167383997	   1.613815969
   0.798367985	  -0.201055996	   1.386895973
   0.783727985	  -0.267423995	   1.109711979
   0.757863985	  -0.355751993	   0.826183984
   0.731023986	  -0.424071992	   0.546559989
   0.684175987	  -0.471407991	   0.251319995
   0.676855987	  -0.483607991	  -0.030743999
   0.675879987	  -0.506543990	  -0.327447994
   0.706623986	  -0.498735990	  -0.661239987
   0.690031987	  -0.519231990	  -0.981855981
   0.673927987	  -0.467503991	  -1.255135976
   0.603655988	  -0.434807992	  -1.487423971
   0.522647990	  -0.403575992	  -1.768999966
   0.397231992	  -0.407967992	  -2.092543960
   0.226431996	  -0.392839992	  -2.405351954
   0.033671999	  -0.339159993	  -2.645935949
  -0.155183997	  -0.240095995	  -2.789895946
  -0.316223994	  -0.094183998	  -2.703519948
  -0.356239993	   0.112727998	  -2.407791954
  -0.282063995	   0.271815995	  -2.153543958
  -0.169335997	   0.331839994	  -2.036911961
  -0.084911998	   0.269375995	  -1.946631962
  -0.043431999	   0.178119997	  -1.785591966
   0.014640000	   0.085887998	  -1.600151969
   0.185927996	  -0.036111999	  -1.450335972
   0.324031994	  -0.217647996	  -1.271727975
   0.453839991	  -0.393327992	  -1.054567980
   0.599263988	  -0.550463989	  -0.873519983
   0.751519985	  -0.642695988	  -0.493367990
   0.945255982	  -0.625615988	   0.097111998
   1.150703978	  -0.623663988	   0.811055984
   1.329311974	  -0.596823988	   1.601127969
   1.303935975	  -0.663679987	   2.256023956
   1.229759976	  -0.933055982	   2.602991950
   1.070671979	  -1.370791974	   3.064639941
   1.097511979	  -1.611375969	   3.761991927
   1.287343975	  -1.662615968	   4.616967911
   1.497183971	  -1.624063969	   5.409479896
   1.534271970	  -1.620159969	   5.818911888
   1.381039973	  -1.725079967	   5.843799887
   1.230247976	  -1.788519965	   5.811591888
   1.168759977	  -1.723127967	   5.785727888
   1.303447975	  -1.436183972	   5.668607891
   1.330287974	  -1.153143978	   5.343599897
   1.379087973	  -0.789583985	   4.610623911
   1.166807977	  -0.468479991	   4.049423922
   1.100927979	  -0.203495996	   3.500423932
   1.088727979	  -0.070271999	   3.052927941
   1.056031980	  -0.070759999	   2.561511951
   1.016991980	  -0.132735997	   2.109135959
   0.959895981	  -0.175191997	   1.801207965
   0.938423982	  -0.269375995	   1.472783972
   0.904751983	  -0.428463992	   1.122399978
   0.853511984	  -0.571935989	   0.777383985
   0.814471984	  -0.656359987	   0.463599991
   0.822279984	  -0.735903986	   0.160063997
   0.871567983	  -0.863759983	  -0.132735997
   0.994543981	  -0.960383981	  -0.488487991
   1.112151979	  -1.006743981	  -0.835943984
   1.106295979	  -1.006255981	  -1.146311978
   1.035535980	  -0.946719982	  -1.521583971
   0.908167982	  -0.915975982	  -1.914911963
   0.772015985	  -0.917927982	  -2.296527956
   0.592919989	  -0.875471983	  -2.613239950
   0.395279992	  -0.731023986	  -2.804535946
   0.233751995	  -0.473847991	  -2.856263945
   0.076615999	  -0.134199997	  -2.739143947
  -0.016104000	   0.214719996	  -2.496607952
  -0.055143999	   0.422119992	  -2.426335953
  -0.017568000	   0.548999989	  -2.423407953
  -0.004880000	   0.561199989	  -2.375583954
  -0.098575998	   0.578279989	  -2.109135959
   0.006344000	   0.541679990	  -1.863183964
   0.189831996	   0.451887991	  -1.730935967
   0.283527995	   0.343551993	  -1.620159969
   0.293775994	   0.182511996	  -1.543543970
   0.389423992	   0.016592000	  -1.336143974
   0.547047989	  -0.135175997	  -0.817399984
   0.863759983	  -0.198127996	  -0.141519997
   1.095071979	  -0.352823993	   0.567055989
   1.270263975	  -0.674903987	   1.145823978
   1.359079974	  -1.171199977	   1.529391970
   1.151191978	  -1.761679966	   1.906127963
   1.166807977	  -1.962735962	   2.531743951
   1.534271970	  -2.095959960	   3.235927938
   1.720687967	  -2.222351957	   4.039663922
   1.732399967	  -2.081319960	   4.877071906
   1.650903968	  -1.868063964	   5.545631893
   1.588927969	  -1.700679967	   6.027287884
   1.507919971	  -1.623087969	   6.205407880
   1.389335973	  -1.588439969	   6.141479881
   1.402999973	  -1.482543971	   5.792559888
   1.422519973	  -1.203407977	   5.489999894
   1.463023972	  -0.815447984	   4.989799904
   1.415687973	  -0.414799992	   4.524735913
   1.305399975	  -0.122487998	   4.077727921
   1.222439976	   0.039527999	   3.550199931
   1.157047978	   0.096135998	   3.074399941
   1.097511979	  -0.022448000	   2.652767949
   1.105807979	  -0.135175997	   2.240407957
   1.092631979	  -0.354287993	   1.829511965
   1.028703980	  -0.592431989	   1.473759972
   0.976975981	  -0.791535985	   1.135087978
   0.870591983	  -0.949159982	   0.799831985
   0.737855986	  -1.033583980	   0.581695989
   0.684663987	  -1.062375979	   0.385519993
   0.760791985	  -1.033583980	   0.214231996
   0.875959983	  -1.046271980	  -0.024888000
   0.935983982	  -1.069695979	  -0.412359992
   0.842287984	  -1.098487979	  -0.768111985
   0.763231985	  -1.077015979	  -1.080919979
   0.734439986	  -1.029191980	  -1.372743974
   0.808615984	  -0.989663981	  -1.642607968
   0.728095986	  -1.055543980	  -2.047647960
   0.525087990	  -1.005279981	  -2.513199951
   0.276207995	  -0.845215984	  -2.837719945
   0.002440000	  -0.624639988	  -2.953375943
  -0.260591995	  -0.304023994	  -2.883591944
  -0.370879993	   0.057583999	  -2.767935947
  -0.360143993	   0.266447995	  -2.710351948
  -0.314759994	   0.413823992	  -2.722551947
  -0.190807996	   0.494831990	  -2.612751950
  -0.062463999	   0.515815990	  -2.410719953
  -0.015616000	   0.583647989	  -2.026663961
   0.229359996	   0.570959989	  -1.696287967
   0.466039991	   0.495319990	  -1.349319974
   0.562663989	   0.360143993	  -1.138503978
   0.564127989	   0.152743997	  -1.082383979
   0.645623988	  -0.050263999	  -0.946719982
   0.740783986	  -0.304023994	  -0.541679990
   0.993567981	  -0.477263991	  -0.066367999
   1.274167975	  -0.569495989	   0.523135990
   1.470343972	  -0.732487986	   0.965263981
   1.504991971	  -1.062375979	   1.129231978
   1.425935972	  -1.412759973	   1.382503973
   1.263919976	  -1.626015969	   1.981279962
   1.298079975	  -1.762655966	   2.533695951
   1.169735977	  -1.803647965	   3.283263937
   1.320527975	  -1.566479970	   3.809327926
   1.401535973	  -1.587951969	   4.206071919
   1.259039976	  -1.654807968	   4.623311911
   1.145335978	  -1.712879967	   4.981991904
   1.113615979	  -1.765583966	   5.263079898
   1.069207979	  -1.788519965	   5.392399896
   1.040415980	  -1.664567968	   5.345063897
   1.171687977	  -1.367375974	   5.193295900
   1.228783976	  -1.071159979	   5.120095901
   1.171199977	  -0.804223984	   4.907815905
   1.205847977	  -0.536799990	   4.405663915
   1.171687977	  -0.342575993	   4.016727922
   1.154607978	  -0.258151995	   3.643895930
   1.207311977	  -0.241071995	   3.253007937
   1.282951975	  -0.303047994	   2.874807945
   1.360543974	  -0.444079991	   2.457567953
   1.324431974	  -0.596823988	   2.022759961
   1.209751977	  -0.708087986	   1.697263967
   1.162903978	  -0.818375984	   1.366887974
   1.173151977	  -0.923783982	   1.079943979
   1.178519977	  -1.078967979	   0.802759985
   1.249279976	  -1.195111977	   0.387959993
   1.267823976	  -1.260991976	  -0.025864000
   1.244399976	  -1.271239975	  -0.322079994
   1.307351975	  -1.177055977	  -0.581207989
   1.337119974	  -1.017479980	  -0.875471983
   1.176079977	  -0.862295983	  -1.200479977
   0.917927982	  -0.700767986	  -1.578191970
   0.667095987	  -0.582671989	  -2.071559960
   0.396743992	  -0.535823990	  -2.553703951
   0.155671997	  -0.483119991	  -3.020231942
  -0.040503999	  -0.334767994	  -3.186639939
  -0.243511995	  -0.132247997	  -3.208111938
  -0.415287992	   0.180071997	  -2.907015944
  -0.379175993	   0.531919990	  -2.467815952
  -0.274743995	   0.721263986	  -2.085711960
  -0.115655998	   0.810079984	  -1.895879963
   0.009760000	   0.837895984	  -1.792423965
  -0.072223999	   0.804223984	  -1.615279969
  -0.093207998	   0.762743985	  -1.383479973
   0.028791999	   0.639767988	  -1.169735977
   0.110287998	   0.436759992	  -1.059447980
   0.210815996	   0.230823996	  -1.083847979
   0.272791995	   0.033183999	  -1.048711980
   0.338671993	  -0.135175997	  -0.940375982
   0.337207993	  -0.311343994	  -0.670511987
   0.383079993	  -0.394791992	  -0.310855994
   0.520207990	  -0.506543990	   0.059535999
   0.689543987	  -0.703695986	   0.526063990
   0.797879985	  -0.897431983	   1.083359979
   0.841799984	  -1.111175979	   1.598687969
   0.893039983	  -1.315647975	   2.074975960
   1.167295977	  -1.428375972	   2.753783947
   1.526463971	  -1.533295970	   3.656095929
   1.788519965	  -1.616743969	   4.406151915
   1.788031965	  -1.826095965	   4.892199906
   1.667983968	  -1.953951962	   5.202567900
   1.552327970	  -1.991039962	   5.470479894
   1.570383970	  -1.886119964	   5.611511892
   1.587951969	  -1.649439968	   5.556855893
   1.540127970	  -1.318575975	   5.242583899
   1.412759973	  -0.980879981	   4.920015905
   1.386895973	  -0.614391988	   4.548159912
   1.312719975	  -0.334767994	   4.193383919
   1.279535975	  -0.195687996	   3.809815926
   1.277583975	  -0.201543996	   3.389647935
   1.218535976	  -0.333791994	   2.976799943
   1.204383977	  -0.438223992	   2.610311950
   1.260503976	  -0.524111990	   2.223815957
   1.233663976	  -0.623663988	   1.815847965
   1.160463978	  -0.723703986	   1.393239973
   1.085311979	  -0.781775985	   0.984295981
   0.982831981	  -0.800319985	   0.624151988
   0.839847984	  -0.792023985	   0.323543994
   0.735903986	  -0.718823986	   0.124439998
   0.777871985	  -0.631471988	  -0.011712000
   0.859367983	  -0.651479987	  -0.273279995
   0.870591983	  -0.700279986	  -0.675879987
   0.741759986	  -0.668559987	  -1.081895979
   0.604631988	  -0.569007989	  -1.442039972
   0.529967990	  -0.498735990	  -1.871479964
   0.453351991	  -0.448959991	  -2.408279954
   0.255711995	  -0.482631991	  -2.842111945
  -0.063439999	  -0.473359991	  -3.068543941
  -0.339647993	  -0.335255994	  -3.063175941
  -0.471895991	  -0.108335998	  -2.860655945
  -0.429927992	   0.107359998	  -2.521007951
  -0.325983994	   0.216671996	  -2.311167955
  -0.205935996	   0.335255994	  -2.285303956
  -0.128831998	   0.353799993	  -2.259439956
   0.007320000	   0.336231994	  -2.096447960
   0.085399998	   0.333303994	  -1.834879965
   0.159575997	   0.404551992	  -1.472295972
   0.315735994	   0.386007993	  -1.223415976
   0.452863991	   0.309879994	  -1.084823979
   0.501663990	   0.200079996	  -1.040903980
   0.446519991	   0.036111999	  -1.081407979
   0.438711992	  -0.160063997	  -0.983319981
   0.563151989	  -0.430903992	  -0.751519985
   0.819351984	  -0.726631986	  -0.341111993
   1.089215979	  -0.912071982	   0.112727998
   1.256111976	  -0.977951981	   0.491903991
   1.277095975	  -1.070671979	   0.841311984
   1.266359976	  -1.239031976	   1.063839979
   1.274167975	  -1.465951972	   1.458143972
   1.351271974	  -1.647487968	   2.199415958
   1.472783972	  -1.800231965	   2.849919945
   1.619671969	  -1.780223966	   3.395015934
   1.660175968	  -1.702631967	   4.002087923
   1.631383969	  -1.698727967	   4.594519911
   1.624551969	  -1.729471967	   5.130831901
   1.777783966	  -1.760215966	   5.325543897
   1.873919964	  -3.385255935	   7.895839848
   1.179983977	   0.124439998	   6.479663875
   0.519231990	  -1.618695969	   4.160687920
   1.377135973	  -0.905727983	   4.069919921
   0.998447981	  -0.202519996	   5.531479893
   1.119471978	  -0.182999996	   4.570607912
   1.171199977	  -0.374783993	   3.254471937
   0.903287983	  -0.454815991	   2.627879949
   0.808615984	  -0.389423992	   2.435119953
   0.855463983	  -0.361607993	   2.298479956
   0.921831982	  -0.309879994	   2.092055960
   0.920855982	  -0.263519995	   1.878311964
   0.886695983	  -0.319151994	   1.537687970
   0.811543984	  -0.419679992	   1.160951978
   0.733951986	  -0.501663990	   0.791535985
   0.691983987	  -0.526063990	   0.470919991
   0.654407987	  -0.486535991	   0.201543996
   0.573399989	  -0.413335992	  -0.040991999
   0.440663991	  -0.329887994	  -0.315247994
   0.361607993	  -0.239607995	  -0.526551990
   0.342087993	  -0.229847996	  -0.681735987
   0.401623992	  -0.199103996	  -0.831551984
   0.430415992	  -0.142007997	  -0.921831982
   0.385031993	  -0.037575999	  -0.946231982
   0.334279994	   0.066855999	  -0.985271981
   0.297679994	   0.135663997	  -1.070671979
   0.241559995	   0.166895997	  -1.202431977
   0.197151996	   0.155183997	  -1.362007974
   0.180071997	   0.110287998	  -1.540127970
   0.142983997	   0.031719999	  -1.721663967
   0.087839998	  -0.057583999	  -1.793399965
   0.034159999	  -0.126391998	  -1.808527965
  -0.005368000	  -0.168847997	  -1.743135966
  -0.016104000	  -0.192759996	  -1.672375968
   0.039039999	  -0.237655995	  -1.646999968
   0.101015998	  -0.280111995	  -1.616255969
   0.142983997	  -0.314271994	  -1.571359970
   0.137615997	  -0.329887994	  -1.455215972
   0.159087997	  -0.360631993	  -1.313207975
   0.266447995	  -0.380151993	  -1.119959978
   0.392839992	  -0.405527992	  -0.853999984
   0.504103990	  -0.426511992	  -0.530943990
   0.603167988	  -0.389911992	  -0.061487999
   0.649527987	  -0.354287993	   0.537287990
   0.739807986	  -0.363071993	   1.128255978
   0.811543984	  -0.478727991	   1.616743969
   0.800807985	  -0.599263988	   2.193559958
   0.742247986	  -0.594383989	   2.915799944
   0.741271986	  -0.503615990	   3.640479930
   0.851559984	  -0.276207995	   4.456903914
   1.006743981	  -0.203983996	   5.202567900
   1.039927980	  -0.272303995	   5.713991890
   0.959895981	  -0.414799992	   5.970679885
   0.910119982	  -0.580719989	   6.035095884
   0.960871981	  -0.620735988	   5.996543884
   1.023335980	  -0.649039987	   5.805735888
   1.006743981	  -0.743223986	   5.334815897
   0.943791982	  -0.730047986	   4.781423908
   0.859367983	  -0.635863988	   4.244135918
   0.821791984	  -0.539239990	   3.650727930
   0.773479985	  -0.435783992	   3.123199940
   0.737855986	  -0.295239994	   2.772327946
   0.778359985	  -0.157623997	   2.470743952
   0.771039985	  -0.130783997	   2.080343960
   0.714919986	  -0.179583997	   1.679695968
   0.654895987	  -0.233751995	   1.304911975
   0.623175988	  -0.293287994	   0.951599982
   0.635375988	  -0.377711993	   0.629031988
   0.681247987	  -0.461159991	   0.270351995
   0.692471987	  -0.559247989	  -0.063927999
   0.585599989	  -0.657823987	  -0.433831992
   0.453351991	  -0.685639987	  -0.830575984
   0.386007993	  -0.661239987	  -1.149727978
   0.502151990	  -0.557295989	  -1.388847973
   0.621711988	  -0.459207991	  -1.559647970
   0.276207995	  -0.347455993	  -1.611375969
   0.615855988	  -0.372831993	  -2.097911960
   0.269375995	  -0.250831995	  -2.068631960
  -0.062463999	  -0.341599993	  -2.398031954
  -0.224967996	  -0.403575992	  -2.571271950
  -0.172751997	  -0.377711993	  -2.657647949
  -0.046359999	  -0.339647993	  -2.550775951
   0.062951999	  -0.203495996	  -2.326295955
   0.046359999	  -0.049287999	  -2.099375959
   0.048311999	   0.110287998	  -1.956391962
   0.163479997	   0.167871997	  -1.838783965
   0.423095992	   0.152743997	  -1.721663967
   0.089791998	   0.189831996	  -1.477663971
   0.102479998	   0.160063997	  -1.158511978
   0.366975993	   0.094671998	  -1.096535979
   0.542655990	   0.121023998	  -0.792023985
   0.566079989	   0.030743999	  -0.620735988
   0.499223990	  -0.141519997	  -0.449447991
   0.559247989	  -0.269375995	  -0.283039995
   0.654895987	  -0.414311992	  -0.011224000
   0.705647986	  -0.603167988	   0.408455992
   0.890111983	  -0.712479986	   0.876447983
   1.165343978	  -0.851071984	   1.438623972
   1.312719975	  -1.032607980	   2.107671959
   1.341511974	  -1.208287977	   2.658623949
   1.321015975	  -1.377135973	   3.192495938
   1.317599975	  -1.377135973	   3.813719926
   1.345415974	  -1.397143973	   4.391023915
   1.396167973	  -1.426911972	   4.822903907
   1.377623973	  -1.400559973	   5.199151900
   1.311743975	  -1.352247974	   5.494391894
   1.217559977	  -1.295151975	   5.591503892
   1.107759979	  -1.200479977	   5.456327895
   1.038463980	  -1.032607980	   5.150351901
   1.003815981	  -0.779823985	   4.782887908
   0.992103981	  -0.491903991	   4.462271914
   0.979903981	  -0.238631995	   4.036735922
   0.924759982	  -0.066367999	   3.560447931
   0.901823983	   0.058559999	   3.137351939
   0.889623983	   0.114679998	   2.761103947
   0.807639984	   0.042943999	   2.353135955
   0.741271986	  -0.076127999	   1.906615963
   0.667583987	  -0.209839996	   1.535735970
   0.554855989	  -0.319639994	   1.216583977
   0.507031990	  -0.429927992	   0.943791982
   0.512399990	  -0.492391990	   0.698327987
   0.424559992	  -0.529967990	   0.439687992
   0.286943994	  -0.593895989	   0.183487996
   0.181047997	  -0.619271988	  -0.054655999
   0.164943997	  -0.650991987	  -0.240583995
   0.224967996	  -0.577791989	  -0.338183993
   0.258639995	  -0.483607991	  -0.413823992
   0.245951995	  -0.408943992	  -0.578767989
   0.165919997	  -0.404063992	  -0.780799985
   0.158111997	  -0.419679992	  -1.019431980
   0.149815997	  -0.465551991	  -1.272215975
   0.087839998	  -0.520695990	  -1.509383971
   0.043431999	  -0.531919990	  -1.665055968
   0.026351999	  -0.487511991	  -1.689455967
   0.031719999	  -0.388447993	  -1.662127968
   0.005368000	  -0.294263994	  -1.591855969
  -0.007808000	  -0.182999996	  -1.489863971
  -0.003904000	  -0.070271999	  -1.367863974
  -0.019520000	   0.029279999	  -1.255135976
   0.005856000	   0.120047998	  -1.087263979
   0.001464000	   0.242535995	  -0.903287983
   0.019032000	   0.292799994	  -0.775919985
   0.026351999	   0.300119994	  -0.711503986
   0.002928000	   0.293775994	  -0.632935988
   0.030743999	   0.266935995	  -0.487511991
   0.064903999	   0.199591996	  -0.350871993
   0.094183998	   0.103943998	  -0.250343995
   0.108335998	  -0.023912000	  -0.127367998
   0.176655997	  -0.112727998	   0.058559999
   0.311343994	  -0.156647997	   0.378687993
   0.368439993	  -0.187879996	   0.775919985
   0.453839991	  -0.241071995	   1.203407977
   0.507031990	  -0.303047994	   1.613327969
   0.455303991	  -0.331839994	   1.942239963
   0.440175992	  -0.444079991	   2.216983957
   0.479215991	  -0.600727988	   2.527351951
   0.544607989	  -0.631959988	   2.982655942
   0.614879988	  -0.584623989	   3.431615934
   0.677831987	  -0.542655990	   3.794687927
   0.575839989	  -0.457255991	   4.023559922
   0.520207990	  -0.388447993	   4.056255922
   0.527527990	  -0.297191994	   4.109935921
   0.552903989	  -0.197151996	   4.147999920
   0.634399988	  -0.191783996	   4.106519921
   0.746639986	  -0.237167995	   3.997207923
   0.756399985	  -0.153719997	   3.896679925
   0.790559985	  -0.030743999	   3.786391927
   0.848143984	   0.040015999	   3.604367930
   0.842287984	   0.116143998	   3.332551936
   0.835455984	   0.145423997	   3.105143940
   0.872543983	   0.140543997	   2.873343945
   0.893039983	   0.075639999	   2.542479951
   0.656847987	  -0.009272000	   2.106695959
   0.219599996	  -0.190319996	   1.683599968
   0.131271997	  -0.293287994	   1.377135973
   0.263031995	  -0.353311993	   1.187791977
   0.295239994	  -0.468479991	   1.004791981
   0.248879995	  -0.609999988	   0.721751986
   0.263519995	  -0.600727988	   0.515815990
   0.257175995	  -0.821303984	   0.168359997
   0.297679994	  -0.767135985	  -0.107359998
   0.309879994	  -0.670023987	  -0.372343993
   0.354287993	  -0.683199987	  -0.640743988
   0.316223994	  -0.706135986	  -0.901335983
   0.216183996	  -0.701255986	  -1.147287978
   0.143959997	  -0.724191986	  -1.379087973
   0.123463998	  -0.706623986	  -1.522559971
   0.103455998	  -0.592919989	  -1.540127970
   0.102479998	  -0.468967991	  -1.484007971
   0.112239998	  -0.312319994	  -1.426911972
   0.095159998	  -0.095159998	  -1.381039973
   0.036111999	   0.123951998	  -1.388359973
  -0.028303999	   0.343063993	  -1.398607973
  -0.064415999	   0.530943990	  -1.355175974
  -0.060511999	   0.640743988	  -1.249279976
   0.015128000	   0.699791986	  -1.148263978
   0.035623999	   0.710527986	  -1.095071979
   0.018056000	   0.696863987	  -1.062375979
   0.051727999	   0.652455987	  -0.996007981
   0.081007998	   0.517279990	  -0.931103982
   0.113215998	   0.368927993	  -0.806663984
   0.166407997	   0.220575996	  -0.657823987
   0.215695996	   0.084423998	  -0.570959989
   0.220575996	  -0.078079998	  -0.444567991
   0.275231995	  -0.255223995	  -0.203983996
   0.367463993	  -0.436271992	   0.107359998
   0.483119991	  -0.618783988	   0.488975991
   0.572423989	  -0.832039984	   0.824719984
   0.621711988	  -1.058959980	   1.077015979
   0.666607987	  -1.184375977	   1.458143972
   0.699303987	  -1.228783976	   1.961759962
   0.642207988	  -1.221951976	   2.447807953
   0.506055990	  -1.147287978	   3.048047941
   0.459695991	  -1.053103980	   3.672199929
   0.436271992	  -1.022847980	   4.165567920
   0.409431992	  -1.031143980	   4.514975913
   0.393327992	  -1.082871979	   4.735063909
   0.384543993	  -1.136551978	   4.824367907
   0.404551992	  -1.167295977	   4.772151908
   0.466527991	  -1.129231978	   4.677479910
   0.517767990	  -1.024311980	   4.610623911
   0.512887990	  -0.791047985	   4.447143914
   0.501175990	  -0.510935990	   4.256335918
   0.536799990	  -0.281087995	   4.004039923
   0.533871990	  -0.126879998	   3.665855929
   0.498247990	  -0.053679999	   3.268623937
   0.461647991	  -0.018056000	   2.872855945
   0.453839991	  -0.030255999	   2.477575952
   0.428951992	  -0.019520000	   2.050087960
   0.340135993	  -0.069783999	   1.678719968
   0.305487994	  -0.208375996	   1.390311973
   0.275231995	  -0.287431994	   1.135575978
   0.226431996	  -0.365999993	   0.862295983
   0.230823996	  -0.428463992	   0.593895989
   0.250831995	  -0.467991991	   0.333791994
   0.286943994	  -0.475311991	   0.112727998
   0.314759994	  -0.505079990	  -0.119071998
   0.319639994	  -0.569983989	  -0.399183992
   0.398207992	  -0.605607988	  -0.652455987
   0.481655991	  -0.603655988	  -0.924271982
   0.542167990	  -0.591943989	  -1.125815978
   0.537287990	  -0.574375989	  -1.298567975
   0.526551990	  -0.562175989	  -1.437159972
   0.526551990	  -0.541679990	  -1.518167971
   0.487511991	  -0.493367990	  -1.554279970
   0.426511992	  -0.411383992	  -1.593319969
   0.345503993	  -0.316711994	  -1.614303969
   0.282551995	  -0.178119997	  -1.585511969
   0.220087996	  -0.058071999	  -1.567455970
   0.189343996	   0.060023999	  -1.533295970
   0.212279996	   0.158599997	  -1.513775971
   0.191295996	   0.224479996	  -1.443991972
   0.142495997	   0.226919996	  -1.356151974
   0.152255997	   0.160551997	  -1.286367975
   0.225943996	   0.023912000	  -1.225855976
   0.314759994	  -0.118095998	  -1.051151980
   0.338671993	  -0.304023994	  -0.908655982
   0.377223993	  -0.474823991	  -0.779335985
   0.406503992	  -0.572423989	  -0.589991989
   0.432367992	  -0.631471988	  -0.424071992
   0.518255990	  -0.704671986	  -0.256687995
   0.715895986	  -0.692959987	   0.203495996
   0.883279983	  -0.597311988	   0.918415982
   0.964775981	  -0.603167988	   1.529879970
   1.025775980	  -0.707111986	   2.077415960
   0.963799981	  -0.755911985	   2.744999947
   0.971607981	  -0.803247984	   3.350607935
   0.951111982	  -0.799831985	   3.853247926
   0.871079983	  -0.755423985	   4.269999918
   0.691495987	  -0.670511987	   4.595495911
   0.554855989	  -0.607071988	   4.769711908
   0.494831990	  -0.540703990	   4.874631906
   0.439687992	  -0.497271990	   4.998583904
   0.366487993	  -0.496295990	   5.001999903
   0.351359993	  -0.383079993	   4.893663906
   0.396255992	  -0.293287994	   4.598911911
   0.293287994	  -0.167383997	   4.349055916
   0.275231995	  -0.021472000	   4.071871921
   0.386007993	   0.033671999	   3.799567927
   0.417727992	  -0.004880000	   3.481879933
   0.410407992	  -0.099063998	   3.127591940
   0.427487992	  -0.201055996	   2.830887945
   0.439199992	  -0.298167994	   2.542967951
   0.421143992	  -0.378199993	   2.258463956
   0.404063992	  -0.414799992	   2.025687961
   0.444567991	  -0.391375992	   1.899783963
   0.506055990	  -0.382591993	   1.799743965
   0.486535991	  -0.521671990	   1.521095971
   0.482143991	  -0.801783985	   1.181447977
   0.543143990	  -1.083847979	   0.924271982
   0.652455987	  -1.231711976	   0.645135988
   0.756887985	  -1.189255977	   0.387959993
   0.798855985	  -1.066279979	   0.112239998
   0.773967985	  -0.914023982	  -0.237167995
   0.787143985	  -0.753471985	  -0.586575989
   0.911583982	  -0.729559986	  -0.897919983
   0.852047984	  -0.776895985	  -1.289783975
   0.800807985	  -0.742247986	  -1.599175969
   0.670999987	  -0.748103986	  -1.834879965
   0.505567990	  -0.749079986	  -2.027639961
   0.313295994	  -0.630983988	  -2.183799958
   0.167383997	  -0.394791992	  -2.254559956
   0.086863998	  -0.156647997	  -2.196487958
   0.058559999	   0.129319998	  -2.197463958
  -0.090279998	   0.444079991	  -2.204295957
  -0.135663997	   0.585111989	  -2.174527958
  -0.124439998	   0.627567988	  -1.990063962
  -0.061487999	   0.562175989	  -1.842199964
  -0.150303997	   0.429439992	  -1.652855968
  -0.093695998	   0.321591994	  -1.512311971
   0.065879999	   0.259127995	  -1.343463974
   0.155671997	   0.169823997	  -1.136551978
   0.222527996	   0.016592000	  -1.006743981
   0.308415994	  -0.158599997	  -0.807639984
   0.464087991	  -0.292799994	  -0.407479992
   0.703207986	  -0.409919992	   0.067343999
   0.872055983	  -0.583159989	   0.508495990
   1.026751980	  -0.806663984	   0.883767983
   1.113127979	  -0.975999981	   1.326383974
   1.085311979	  -1.053103980	   1.784615966
   1.213655977	  -1.035047980	   2.226743957
   1.367375974	  -0.859855983	   2.845527945
   1.402999973	  -0.618783988	   3.574599931
   1.404951973	  -0.472871991	   4.076751921
   1.372255974	  -0.461647991	   4.412495915
   1.320039975	  -0.472383991	   4.681871910
   1.240983976	  -0.547047989	   4.833151907
   1.145823978	  -0.664655987	   4.871215906
   1.068231979	  -0.729071986	   4.850719906
   1.060423980	  -0.652943987	   4.769711908
   1.057983980	  -0.532895990	   4.684311910
   1.043343980	  -0.407479992	   4.437871914
   0.952087982	  -0.289383994	   4.061135922
   0.843263984	  -0.238143995	   3.651215930
   0.837895984	  -0.200079996	   3.227631938
   0.840335984	  -0.181047997	   2.904087944
   0.827647984	  -0.198615996	   2.621047949
   0.783727985	  -0.201543996	   2.341911955
   0.764207985	  -0.192759996	   2.046183961
   0.743711986	  -0.244975995	   1.794375965
   0.715895986	  -0.328423994	   1.554767970
   0.691983987	  -0.405527992	   1.292711975
   0.655383987	  -0.445543991	   1.110199979
   0.700279986	  -0.469943991	   0.942815982
   0.665631987	  -0.513863990	   0.697839987
   0.590479989	  -0.463111991	   0.411871992
   0.490927991	  -0.348919993	   0.179095997
   0.453839991	  -0.237655995	  -0.015128000
   0.411383992	  -0.192271996	  -0.251319995
   0.331839994	  -0.182511996	  -0.509471990
   0.332815994	  -0.158599997	  -0.680759987
   0.250831995	  -0.214231996	  -1.001863981
   0.168359997	  -0.131271997	  -1.162903978
   0.169335997	  -0.123951998	  -1.251719976
   0.140543997	  -0.131759997	  -1.355663974
   0.072223999	  -0.103455998	  -1.449359972
   0.038551999	  -0.108335998	  -1.549887970
  -0.005856000	  -0.066855999	  -1.615279969
  -0.059047999	  -0.020984000	  -1.644559968
  -0.072223999	  -0.004880000	  -1.635775968
  -0.082959998	   0.020496000	  -1.576239970
  -0.099063998	   0.058559999	  -1.473759972
  -0.033183999	   0.061975999	  -1.430815972
   0.033183999	   0.038551999	  -1.434719972
   0.086375998	   0.000488000	  -1.393727973
   0.168359997	  -0.051239999	  -1.283439975
   0.177631997	  -0.137615997	  -1.089215979
   0.242535995	  -0.274743995	  -0.904751983
   0.396255992	  -0.371367993	  -0.673439987
   0.464575991	  -0.445543991	  -0.426999992
   0.438223992	  -0.519231990	  -0.264007995
   0.465551991	  -0.575839989	  -0.130295997
   0.487511991	  -0.646599988	   0.087351998
   0.496783990	  -0.701255986	   0.445543991
   0.559735989	  -0.708575986	   0.938423982
   0.659775987	  -0.590479989	   1.525487971
   0.781775985	  -0.395279992	   2.328735955
   0.825207984	  -0.249367995	   3.063175941
   0.847655984	  -0.216671996	   3.610223930
   0.867175983	  -0.286943994	   4.176303919
   0.908167982	  -0.496295990	   4.644783910
   0.940375982	  -0.747127986	   4.970767904
   0.999423981	  -0.999423981	   5.179143900
   1.054567980	  -1.121423978	   5.304559898
   0.897919983	  -1.016991980	   5.459743895
   1.095559979	  -1.016503980	   5.214279899
   1.021871980	  -0.961847981	   4.793135908
   0.922807982	  -0.851071984	   4.531079913
   0.854975984	  -0.735903986	   4.255359918
   0.908167982	  -0.595847989	   3.801519927
   0.899383983	  -0.597311988	   3.279847937
   0.867175983	  -0.543143990	   2.832839945
   0.893527983	  -0.453351991	   2.491727952
   0.920367982	  -0.386983993	   2.167695958
   0.886207983	  -0.389423992	   1.821703965
   0.856927983	  -0.390399992	   1.447407972
   0.849119984	  -0.384055993	   1.112639979
   0.827159984	  -0.399671992	   0.790559985
   0.825207984	  -0.446031991	   0.377223993
   0.778847985	  -0.547047989	  -0.022936000
   0.763231985	  -0.559735989	  -0.356727993
   0.734927986	  -0.488487991	  -0.523623990
   0.703207986	  -0.380151993	  -0.742247986
   0.646111988	  -0.245463995	  -1.094095979
   0.585599989	  -0.168359997	  -1.591855969
   0.517767990	  -0.144935997	  -2.189655958
   0.275719995	  -0.149815997	  -2.622999949
   0.010736000	  -0.082471998	  -2.598599950
   0.129319998	  -0.051239999	  -2.489775952
   0.356727993	  -0.241071995	  -2.768423947
   0.180071997	  -0.393327992	  -2.906527944
   0.037575999	  -0.430415992	  -2.782575946
   0.044895999	  -0.362583993	  -2.537111951
  -0.045871999	  -0.270839995	  -2.297503956
  -0.015616000	  -0.182999996	  -2.184287958
   0.085887998	  -0.130295997	  -2.005191961
   0.188855996	  -0.130783997	  -1.748991966
   0.235215995	  -0.191295996	  -1.456679972
   0.344527993	  -0.271815995	  -1.205847977
   0.503615990	  -0.377711993	  -0.905727983
   0.711015986	  -0.481167991	  -0.485559991
   0.853999984	  -0.603167988	  -0.002928000
   1.000399981	  -0.609511988	   0.571447989
   1.097999979	  -0.576815989	   1.041391980
   1.040903980	  -0.605607988	   1.315647975
   1.033095980	  -0.649039987	   1.657735968
   1.182423977	  -0.766647985	   2.239431957
   1.266847976	  -0.885231983	   2.929463943
   1.364447974	  -1.000399981	   3.637063930
   1.458631972	  -1.079943979	   4.321239917
   1.462535972	  -1.157047978	   4.954175904
   1.533295970	  -1.227319976	   5.486095894
   1.141431978	  -1.352247974	   5.977999885
   1.692383967	  -1.172663977	   6.087311883
   1.758751966	  -1.644071968	   5.688615890
   1.514263971	  -1.574287970	   5.513911894
   1.394215973	  -1.382991973	   5.412895896
   1.362495974	  -1.118007978	   4.958079904
   1.284903975	  -0.815935984	   4.333927916
   1.248303976	  -0.596823988	   3.724903928
   1.166319977	  -0.439687992	   3.255447937
   1.132159978	  -0.266447995	   2.900671944
   1.114103978	  -0.186415996	   2.558583951
   1.102879979	  -0.179095997	   2.223815957
   1.087263979	  -0.226919996	   1.850983964
   1.077991979	  -0.336231994	   1.438623972
   1.059447980	  -0.421143992	   0.994543981
   1.139967978	  -0.461647991	   0.518255990
   1.145335978	  -0.529967990	   0.069783999
   1.104831979	  -0.609511988	  -0.365511993
   0.954039982	  -0.621711988	  -0.669047987
   0.816911984	  -0.608047988	  -0.914511982
   0.701743986	  -0.567055989	  -1.236591976
   0.661239987	  -0.510935990	  -1.707511967
   0.494343990	  -0.442615991	  -2.102791959
   0.115655998	  -0.269375995	  -2.018855961
   0.180071997	   0.018056000	  -1.909055963
   0.459207991	   0.040015999	  -2.385831954
   0.385031993	  -0.014152000	  -2.793799946
   0.227895996	  -0.180071997	  -2.945567943
   0.188855996	  -0.211303996	  -2.872855945
   0.161039997	  -0.188367996	  -2.750855947
  -0.038551999	  -0.051239999	  -2.499535952
  -0.029767999	   0.186415996	  -2.215031957
  -0.002928000	   0.324031994	  -2.111575959
   0.034159999	   0.437247992	  -1.957367962
   0.107847998	   0.461159991	  -1.720199967
   0.197639996	   0.404063992	  -1.466439972
   0.289383994	   0.256687995	  -1.196575977
   0.373319993	   0.066367999	  -0.905239983
   0.514351990	  -0.095647998	  -0.526551990
   0.636351988	  -0.206423996	  -0.121511998
   0.667095987	  -0.324519994	   0.367463993
   0.757375985	  -0.373807993	   0.973559981
   0.749567986	  -0.451399991	   1.715319967
   0.752495985	  -0.482143991	   2.603479950
   0.765671985	  -0.741271986	   3.389647935
   0.687103987	  -1.127767978	   4.087487921
   0.637815988	  -1.526951971	   4.680407910
   0.623663988	  -1.891975963	   5.076663902
   0.691007987	  -2.201367958	   5.418263895
   0.730535986	  -2.367775954	   5.642255891
   0.669535987	  -2.378999954	   5.647623891
   0.575839989	  -2.300919956	   5.440223895
   0.482631991	  -2.089127960	   5.051287903
   0.410407992	  -1.796327965	   4.560359912
   0.390399992	  -1.464975972	   3.979639923
   0.364047993	  -1.103367979	   3.376959935
   0.294263994	  -0.779335985	   2.790871946
   0.236679995	  -0.508007990	   2.269687956
   0.195687996	  -0.288895994	   1.802183965
   0.222039996	  -0.103943998	   1.432767972
   0.271815995	   0.030743999	   1.178519977
   0.300607994	   0.124927998	   0.850095984
   0.236679995	   0.208375996	   0.520207990
   0.188367996	   0.204959996	   0.093207998
   0.271327995	   0.201055996	  -0.185927996
   0.366975993	   0.153231997	  -0.566079989
   0.296215994	   0.129807997	  -0.934031982
   0.163967997	   0.126879998	  -1.205359977
   0.041479999	   0.140055997	  -1.372255974
  -0.142007997	   0.186415996	  -1.423983973
  -0.158111997	   0.307927994	  -1.561111970
  -0.011224000	   0.391863992	  -1.894903963
  -0.019520000	   0.399183992	  -2.158423958
  -0.014152000	   0.303047994	  -2.295551956
   0.093695998	   0.222039996	  -2.250167957
   0.098575998	   0.031719999	  -2.300431956
   0.008784000	   0.064415999	  -2.213567957
   0.101503998	   0.113215998	  -2.111087959
   0.192759996	   0.069783999	  -2.067655960
   0.254247995	   0.033671999	  -1.984207962
   0.331351994	   0.028791999	  -1.800231965
   0.423583992	   0.024400000	  -1.532319970
   0.502639990	  -0.053191999	  -1.189743977
   0.568031989	  -0.190807996	  -0.935495982
   0.734439986	  -0.342575993	  -0.718823986
   0.799831985	  -0.482143991	  -0.482631991
   0.892551983	  -0.596335988	  -0.160063997
   1.013087980	  -0.769087985	   0.213743996
   1.056519980	  -0.876447983	   0.669047987
   1.181447977	  -0.841799984	   1.240007976
   1.203895977	  -0.846191984	   1.817799965
   1.109223979	  -0.860343983	   2.472207952
   1.088727979	  -0.874007983	   3.136375939
   1.182423977	  -0.944279982	   3.668295929
   1.157535978	  -1.097999979	   4.108471921
   1.154119978	  -1.250743976	   4.536447912
   1.258551976	  -1.358103974	   4.947343905
   1.159975978	  -1.513775971	   5.341159897
   1.187791977	  -1.240983976	   5.486095894
   1.440087972	  -1.402511973	   5.316271897
   1.158023978	  -1.595271969	   5.004927903
   1.194135977	  -1.163879978	   4.907815905
   1.169247977	  -0.971607981	   4.863407906
   1.100439979	  -0.862295983	   4.248527918
   0.948183982	  -0.697351987	   3.473583933
   0.770063985	  -0.558271989	   2.904087944
   0.718335986	  -0.426999992	   2.575175950
   0.735415986	  -0.333791994	   2.335079955
   0.703207986	  -0.289871994	   2.089127960
   0.648063987	  -0.276695995	   1.804135965
   0.628055988	  -0.294263994	   1.595759969
   0.636839988	  -0.288407994	   1.346391974
   0.622687988	  -0.265959995	   1.030655980
   0.500687990	  -0.272791995	   0.745175986
   0.422607992	  -0.262055995	   0.310367994
   0.338183993	  -0.208375996	  -0.006344000
   0.306951994	  -0.165919997	  -0.223015996
   0.272303995	  -0.137127997	  -0.399183992
   0.310367994	  -0.162991997	  -0.650991987
   0.298655994	  -0.249855995	  -1.001375981
   0.236191995	  -0.261567995	  -1.279047975
   0.258151995	  -0.223503996	  -1.432279972
   0.328423994	  -0.258639995	  -1.653343968
   0.314271994	  -0.380151993	  -1.992015962
   0.251319995	  -0.527527990	  -2.183311958
   0.264495995	  -0.612927988	  -2.175503958
   0.256687995	  -0.630007988	  -2.130119959
   0.212767996	  -0.548023989	  -2.003727961
   0.190807996	  -0.429439992	  -1.851471964
   0.196175996	  -0.307927994	  -1.697751967
   0.153231997	  -0.245463995	  -1.602103969
   0.118583998	  -0.211791996	  -1.497183971
   0.136151997	  -0.192759996	  -1.282463975
   0.183487996	  -0.164943997	  -1.092631979
   0.204471996	  -0.113215998	  -0.967703981
   0.199103996	  -0.024888000	  -0.831063984
   0.203983996	   0.037575999	  -0.661239987
   0.255711995	   0.046847999	  -0.479703991
   0.276207995	   0.022936000	  -0.257663995
   0.297679994	  -0.029279999	  -0.058071999
   0.346479993	  -0.117607998	   0.027327999
   0.365511993	  -0.170799997	   0.139079997
   0.444567991	  -0.204471996	   0.403575992
   0.533871990	  -0.238143995	   0.870103983
   0.733951986	  -0.209839996	   1.364447974
   0.800319985	  -0.239119995	   1.870015964
   0.757375985	  -0.369415993	   2.236015957
   0.695887987	  -0.575839989	   2.520031951
   0.652943987	  -0.814959984	   2.875783945
   0.686127987	  -1.018455980	   3.315959936
   0.749079986	  -1.258551976	   3.661951929
   0.833991984	  -1.432767972	   3.898143925
   0.847167984	  -1.448383972	   4.140679920
   0.840823984	  -1.374695973	   4.471055914
   0.896455983	  -1.242935976	   4.820951907
   0.834479984	  -1.126303978	   4.950271904
   1.094095979	  -0.838383984	   5.039087903
   1.054567980	  -1.075551979	   4.591591911
   0.842287984	  -0.759815985	   4.424207915
   0.984783981	  -0.528991990	   4.246087918
   0.941351982	  -0.449935991	   3.895215925
   0.862783983	  -0.374783993	   3.401847934
   0.793487985	  -0.365511993	   2.897743944
   0.740295986	  -0.369415993	   2.483431952
   0.688079987	  -0.379175993	   2.156471958
   0.630495988	  -0.386007993	   1.874407964
   0.614879988	  -0.372343993	   1.618695969
   0.593895989	  -0.356239993	   1.386407973
   0.611463988	  -0.355751993	   1.183399977
   0.635375988	  -0.385519993	   0.929151982
   0.569007989	  -0.481655991	   0.586087989
   0.489463991	  -0.504591990	   0.131271997
   0.336231994	  -0.436759992	  -0.166895997
   0.264007995	  -0.373807993	  -0.430415992
   0.230823996	  -0.348919993	  -0.682223987
   0.185439996	  -0.351847993	  -0.896943983
   0.093207998	  -0.348919993	  -1.044807980
   0.033183999	  -0.275231995	  -1.175103977
   0.002440000	  -0.172751997	  -1.257087976
   0.101015998	  -0.116631998	  -1.421543973
   0.087351998	  -0.125903998	  -1.696287967
   0.017568000	  -0.123951998	  -1.855863964
   0.023424000	  -0.161039997	  -1.905151963
   0.019032000	  -0.237655995	  -1.926623963
   0.005368000	  -0.174215997	  -1.733863967
   0.104431998	  -0.098087998	  -1.528415971
   0.169823997	  -0.025864000	  -1.493767971
   0.107847998	   0.076127999	  -1.409831973
   0.107359998	   0.126391998	  -1.285879975
   0.160063997	   0.163967997	  -1.186815977
   0.190319996	   0.209839996	  -1.131183978
   0.159087997	   0.223015996	  -1.069695979
   0.173727997	   0.233263995	  -0.973071981
   0.244975995	   0.235215995	  -0.896455983
   0.283039995	   0.155671997	  -0.838383984
   0.333791994	   0.042455999	  -0.704671986
   0.463111991	   0.028303999	  -0.410895992
   0.600239988	   0.030255999	  -0.061975999
   0.731999986	   0.011712000	   0.295727994
   0.851559984	  -0.038063999	   0.611463988
   0.869615983	  -0.185439996	   0.901823983
   0.855951983	  -0.499711990	   1.231223976
   0.917927982	  -0.838383984	   1.594783969
   0.886207983	  -1.013575980	   2.110599959
   0.852047984	  -1.140943978	   2.662527949
   0.854975984	  -1.297591975	   3.136863939
   0.737855986	  -1.389335973	   3.515063932
   0.557783989	  -1.420079973	   3.806399927
   0.448471991	  -1.499135971	   4.081631921
   0.402111992	  -1.566479970	   4.269023918
   0.325983994	  -1.662127968	   4.264631918
   0.284503995	  -1.737279966	   4.178743919
   0.335743994	  -1.691895967	   4.157759920
   0.250343995	  -1.505967971	   4.082119921
   0.539239990	  -1.282951975	   3.849831926
   0.343551993	  -1.250743976	   3.503351932
   0.323055994	  -0.888647983	   3.317423936
   0.380639993	  -0.636351988	   3.135399939
   0.363071993	  -0.420167992	   2.863583945
   0.308903994	  -0.283039995	   2.575663950
   0.291335994	  -0.219599996	   2.278959956
   0.262543995	  -0.152255997	   2.034471961
   0.223503996	  -0.115655998	   1.855863964
   0.204959996	  -0.103455998	   1.676767968
   0.193735996	  -0.107847998	   1.533783970
   0.190807996	  -0.076127999	   1.460583972
   0.240095995	  -0.005856000	   1.464975972
   0.288895994	   0.038551999	   1.446919972
   0.249855995	   0.026839999	   1.316135975
   0.205935996	   0.036111999	   1.080431979
   0.130783997	   0.072223999	   0.902311983
   0.054167999	  -0.006344000	   0.636839988
   0.021472000	  -0.112239998	   0.293775994
   0.016104000	  -0.121999998	   0.051727999
   0.042455999	  -0.087351998	  -0.094671998
   0.107847998	  -0.098575998	  -0.219599996
   0.215207996	  -0.158111997	  -0.432367992
   0.291335994	  -0.209839996	  -0.757375985
   0.280111995	  -0.258151995	  -1.158511978
   0.250343995	  -0.266447995	  -1.508895971
   0.303047994	  -0.272303995	  -1.805599965
   0.360143993	  -0.359655993	  -2.032519961
   0.340623993	  -0.438223992	  -2.154519958
   0.319639994	  -0.409919992	  -2.170623958
   0.302071994	  -0.383567993	  -2.133535959
   0.302071994	  -0.219599996	  -1.912471963
   0.267423995	  -0.110287998	  -1.773391966
   0.189831996	  -0.057583999	  -1.743623966
   0.139567997	  -0.024888000	  -1.669447968
   0.150303997	   0.008296000	  -1.483031971
   0.176167997	  -0.009272000	  -1.309303975
   0.181535996	  -0.025376000	  -1.119471978
   0.181535996	  -0.035135999	  -0.890111983
   0.250831995	  -0.094183998	  -0.676855987
   0.336231994	  -0.181535996	  -0.411383992
   0.394303992	  -0.284991995	  -0.132735997
   0.425535992	  -0.372831993	   0.085887998
   0.471407991	  -0.475311991	   0.211303996
   0.540703990	  -0.581207989	   0.421143992
   0.684663987	  -0.679295987	   0.747127986
   0.834967984	  -0.747127986	   1.124351978
   1.040903980	  -0.727607986	   1.724591967
   1.345903974	  -0.523135990	   2.759639947
   1.443991972	  -0.319151994	   3.640967930
   1.324431974	  -0.287431994	   4.094319921
   1.114103978	  -0.511423990	   4.282199917
   0.921831982	  -0.849119984	   4.358815916
   0.983807981	  -1.078967979	   4.249503918
   0.806663984	  -1.057495980	   3.993791923
   1.116055978	  -1.028215980	   3.583383931
   0.848143984	  -1.367375974	   3.202255938
   0.673439987	  -1.206823977	   2.953863943
   0.665143987	  -0.982831981	   2.794775946
   0.566079989	  -0.866199983	   2.507343952
   0.482631991	  -0.623175988	   2.245287957
   0.477751991	  -0.360143993	   1.974935962
   0.479215991	  -0.123463998	   1.687015967
   0.410895992	   0.043919999	   1.427887972
   0.361119993	   0.154695997	   1.221951976
   0.301095994	   0.181535996	   0.961359981
   0.208863996	   0.175679997	   0.734927986
   0.151279997	   0.142495997	   0.581207989
   0.137615997	   0.130295997	   0.476775991
   0.132735997	   0.147863997	   0.427975992
   0.098575998	   0.156159997	   0.427487992
   0.083447998	   0.154695997	   0.435295992
   0.081983998	   0.136639997	   0.429927992
   0.091743998	   0.097111998	   0.448471991
   0.080519998	   0.061487999	   0.476287991
   0.084423998	   0.039527999	   0.497759990
   0.105407998	   0.011712000	   0.524111990
   0.117607998	   0.002928000	   0.579743989
   0.130295997	  -0.018056000	   0.637815988
   0.141519997	  -0.062463999	   0.655871987
   0.151767997	  -0.105895998	   0.694423987
   0.157623997	  -0.124439998	   0.740783986
   0.153719997	  -0.113703998	   0.780799985
   0.145911997	  -0.083935998	   0.831551984
   0.140543997	  -0.061487999	   0.887671983
   0.151279997	  -0.055631999	   0.942815982
   0.168359997	  -0.054167999	   0.986247981
   0.174215997	  -0.068807999	   1.006743981
   0.175679997	  -0.108335998	   1.000399981
   0.181535996	  -0.135175997	   0.995519981
   0.177143997	  -0.158111997	   1.005767981
   0.187879996	  -0.166407997	   1.036511980
   0.201055996	  -0.159575997	   1.077015979
   0.195199996	  -0.160551997	   1.085799979
   0.177631997	  -0.166407997	   1.070671979
   0.174215997	  -0.176167997	   1.059935980
   0.188855996	  -0.180071997	   1.070183979
   0.206423996	  -0.170799997	   1.107759979
   0.212767996	  -0.165919997	   1.143383978
   0.221551996	  -0.171775997	   1.133135978
   0.213255996	  -0.182999996	   1.093119979
   0.200079996	  -0.180559997	   1.055543980
   0.199103996	  -0.163479997	   1.043343980
   0.189343996	  -0.137127997	   1.047247980
   0.187391996	  -0.121511998	   1.060911980
   0.189343996	  -0.131271997	   1.081407979
   0.182023996	  -0.160551997	   1.053103980
   0.171775997	  -0.186903996	   1.013087980
   0.164943997	  -0.188855996	   0.990151981
   0.158599997	  -0.175679997	   0.986735981
   0.150303997	  -0.166895997	   0.996983981
   0.144935997	  -0.172263997	   0.998935981
   0.134687997	  -0.191295996	   0.982343981
   0.126391998	  -0.214231996	   0.964287981
   0.125903998	  -0.222527996	   0.958919981
   0.119071998	  -0.216671996	   0.969167981
   0.108335998	  -0.212279996	   0.968679981
   0.098087998	  -0.211303996	   0.962823981
   0.100039998	  -0.211303996	   0.956479982
   0.101991998	  -0.207887996	   0.948183982
   0.098575998	  -0.206423996	   0.958431982
   0.100527998	  -0.216183996	   0.974535981
   0.116631998	  -0.229359996	   0.996007981
   0.129807997	  -0.240583995	   1.013087980
   0.136151997	  -0.243023995	   1.022359980
   0.137615997	  -0.246439995	   1.018455980
   0.142007997	  -0.255711995	   1.004303981
   0.157623997	  -0.260591995	   1.004303981
   0.158111997	  -0.251319995	   1.010647980
   0.151767997	  -0.231799996	   1.016991980
   0.157623997	  -0.203495996	   1.033095980
   0.156159997	  -0.189343996	   1.046759980
   0.164455997	  -0.188367996	   1.052127980
   0.169335997	  -0.203983996	   1.046759980
   0.173239997	  -0.220575996	   1.042367980
   0.181535996	  -0.232775996	   1.035047980
   0.182023996	  -0.245951995	   1.031143980
   0.184951996	  -0.248879995	   1.040415980
   0.188855996	  -0.238631995	   1.044807980
   0.179095997	  -0.223503996	   1.028703980
   0.158599997	  -0.214719996	   1.003815981
   0.159087997	  -0.208375996	   0.994543981
   0.162503997	  -0.207887996	   1.000399981
   0.157623997	  -0.215695996	   1.004791981
   0.150303997	  -0.225943996	   0.993567981
   0.142495997	  -0.239607995	   0.975023981
   0.142007997	  -0.243023995	   0.955503982
   0.140055997	  -0.244487995	   0.944279982
   0.139079997	  -0.248879995	   0.941839982
   0.143471997	  -0.254247995	   0.950135982
   0.148839997	  -0.256199995	   0.965263981
   0.146887997	  -0.248391995	   0.971119981
   0.132735997	  -0.239119995	   0.964775981
   0.133223997	  -0.224479996	   0.954527982
   0.127367998	  -0.203495996	   0.954527982
   0.114191998	  -0.185439996	   0.946719982
   0.117119998	  -0.168847997	   0.950623982
   0.125415998	  -0.157623997	   0.969655981
   0.133223997	  -0.155671997	   0.982831981
   0.136151997	  -0.156647997	   0.980879981
   0.145423997	  -0.154207997	   0.978439981
